 	Label	X	Y	Slice	Frame
1	Image5D_bf2983_SPOT5.tif:1-1_1_2_NA_1_1_NA_1:38	251	321	14	2
2	Image5D_bf2983_SPOT5.tif:1-1_1_3_NA_1_1_NA_1:62	273	325	14	3
3	Image5D_bf2983_SPOT5.tif:1-1_1_4_NA_1_1_NA_1:86	279	335	14	4
4	Image5D_bf2983_SPOT5.tif:1-1_1_5_NA_1_1_NA_1:111	276	339	15	5
5	Image5D_bf2983_SPOT5.tif:1-1_1_6_NA_1_1_NA_1:135	275	344	15	6
6	Image5D_bf2983_SPOT5.tif:1-1_1_7_NA_1_1_NA_1:158	269	347	14	7
7	Image5D_bf2983_SPOT5.tif:1-1_1_8_NA_1_1_NA_1:182	264	350	14	8
8	Image5D_bf2983_SPOT5.tif:1-1_1_9_NA_1_1_NA_1:206	269	357	14	9
9	Image5D_bf2983_SPOT5.tif:1-1_1_10_NA_1_1_NA_1:230	280	364	14	10
10	Image5D_bf2983_SPOT5.tif:1-1_1_11_NA_1_1_NA_1:254	274	368	14	11
11	Image5D_bf2983_SPOT5.tif:1-1_1_12_NA_1_1_NA_1:279	274	369	15	12
12	Image5D_bf2983_SPOT5.tif:1-1_1_13_NA_1_1_NA_1:303	271	368	15	13
13	Image5D_bf2983_SPOT5.tif:1-1_1_14_NA_1_1_NA_1:325	266	377	13	14
14	Image5D_bf2983_SPOT5.tif:1-1_1_15_NA_1_1_NA_1:349	265	370	13	15
15	Image5D_bf2983_SPOT5.tif:1-1_1_16_NA_1_1_NA_1:375	263	371	15	16
16	Image5D_bf2983_SPOT5.tif:1-1_1_17_NA_1_1_NA_1:399	263	367	15	17
17	Image5D_bf2983_SPOT5.tif:1-1_1_18_NA_1_1_NA_1:421	258	373	13	18
18	Image5D_bf2983_SPOT5.tif:2-1_2_19_1-1_1_1_2-2_1:446	242	364	14	19
19	Image5D_bf2983_SPOT5.tif:2-2_2_19_1-1_1_1_2-1_1:446	267	368	14	19
20	Image5D_bf2983_SPOT5.tif:2-1_2_20_1-1_1_1_2-2_1:470	242	356	14	20
21	Image5D_bf2983_SPOT5.tif:3-1_2_20_2-2_1_1_3-2_1:470	264	360	14	20
22	Image5D_bf2983_SPOT5.tif:3-2_2_20_2-2_1_1_3-1_1:470	284	360	14	20
23	Image5D_bf2983_SPOT5.tif:3-1_2_21_2-2_1_1_3-2_1:493	269	361	13	21
24	Image5D_bf2983_SPOT5.tif:3-2_2_21_2-2_1_1_3-1_1:493	287	362	13	21
25	Image5D_bf2983_SPOT5.tif:3-3_2_21_2-1_1_1_3-4_1:493	245	350	13	21
26	Image5D_bf2983_SPOT5.tif:3-4_2_21_2-1_1_1_3-3_1:493	238	364	13	21
27	Image5D_bf2983_SPOT5.tif:3-2_2_22_2-2_1_1_3-1_1:517	287	358	13	22
28	Image5D_bf2983_SPOT5.tif:3-4_2_22_2-1_1_1_3-3_1:517	231	359	13	22
29	Image5D_bf2983_SPOT5.tif:4-1_2_22_3-1_1_0-5_4-2_0-5:517	270	354	13	22
30	Image5D_bf2983_SPOT5.tif:4-2_3_22_3-1_1_0-5_4-1_0-5:517	267	384	13	22
31	Image5D_bf2983_SPOT5.tif:4-3_3_22_3-3_1_0-5_4-4_0-5:517	245	347	13	22
32	Image5D_bf2983_SPOT5.tif:4-4_3_22_3-3_1_0-5_4-3_0-5:517	221	338	13	22
33	Image5D_bf2983_SPOT5.tif:4-1_2_23_3-1_1_0-5_4-2_0-5:541	275	362	13	23
34	Image5D_bf2983_SPOT5.tif:4-2_3_23_3-1_1_0-5_4-1_0-5:541	272	384	13	23
35	Image5D_bf2983_SPOT5.tif:4-3_3_23_3-3_1_0-5_4-4_0-5:541	347	346	13	23
36	Image5D_bf2983_SPOT5.tif:4-4_3_23_3-3_1_0-5_4-3_0-5:541	221	341	13	23
37	Image5D_bf2983_SPOT5.tif:4-5_3_23_3-2_1_0-5_4-6_0-5:541	319	356	13	23
38	Image5D_bf2983_SPOT5.tif:4-6_2_23_3-2_1_0-5_4-5_0-5:541	328	372	13	23
39	Image5D_bf2983_SPOT5.tif:4-7_3_23_3-2_1_0-5_4-8_0-5:541	438	339	13	23
40	Image5D_bf2983_SPOT5.tif:4-8_3_23_3-2_1_0-5_4-7_0-5:542	294	402	14	23
41	Image5D_bf2983_SPOT5.tif:4-9_3_23_3-4_1_0-5_4-10_0-5:542	200	358	14	23
42	Image5D_bf2983_SPOT5.tif:4-10_3_23_3-4_1_0-5_4-9_0-5:542	243	361	14	23
43	Image5D_bf2983_SPOT5.tif:4-1_2_24_3-1_1_0-5_4-2_0-5:566	268	369	14	24
44	Image5D_bf2983_SPOT5.tif:4-2_3_24_3-1_1_0-5_4-1_0-5:566	298	394	14	24
45	Image5D_bf2983_SPOT5.tif:4-3_3_24_3-3_1_0-5_4-4_0-5:566	384	375	14	24
46	Image5D_bf2983_SPOT5.tif:4-4_3_24_3-3_1_0-5_4-3_0-5_0:566	240	349	14	24
47	Image5D_bf2983_SPOT5.tif:4-5_3_24_3-2_1_0-5_4-6_0-5:567	303	365	15	24
48	Image5D_bf2983_SPOT5.tif:4-6_2_24_3-2_1_0-5_4-5_0-5:567	325	385	15	24
49	Image5D_bf2983_SPOT5.tif:4-7_3_24_3-2_1_0-5_4-8_0-5:567	434	340	15	24
50	Image5D_bf2983_SPOT5.tif:4-8_3_24_3-2_1_0-5_4-7_0-5:567	277	386	15	24
51	Image5D_bf2983_SPOT5.tif:4-9_3_24_3-4_1_0-5_4-10_0-5:567	193	371	15	24
52	Image5D_bf2983_SPOT5.tif:4-10_3_24_3-4_1_0-5_4-9_0-5:567	213	375	15	24
53	Image5D_bf2983_SPOT5.tif:4-1_2_25_3-1_1_0-5_4-2_0-5:591	267	379	15	25
54	Image5D_bf2983_SPOT5.tif:4-2_3_25_3-1_1_0-5_4-1_0-5:590	358	424	14	25
55	Image5D_bf2983_SPOT5.tif:4-3_3_25_3-3_1_0-5_4-4_0-5:590	382	385	14	25
56	Image5D_bf2983_SPOT5.tif:4-5_3_25_3-2_1_0-5_4-6_0-5:590	314	378	14	25
57	Image5D_bf2983_SPOT5.tif:4-7_3_25_3-2_1_0-5_4-8_0-5:590	434	350	14	25
58	Image5D_bf2983_SPOT5.tif:4-8_3_25_3-2_1_0-5_4-7_0-5:590	269	399	14	25
59	Image5D_bf2983_SPOT5.tif:4-9_3_25_3-4_1_0-5_4-10_0-5:593	194	383	17	25
60	Image5D_bf2983_SPOT5.tif:4-10_3_25_3-4_1_0-5_4-9_0-5:589	241	379	13	25
61	Image5D_bf2983_SPOT5.tif:5-1_3_25_4-6_1_1_5-2_1:591	309	397	15	25
62	Image5D_bf2983_SPOT5.tif:5-2_3_25_4-6_1_1_5-1_1:591	361	399	15	25
63	Image5D_bf2983_SPOT5.tif:4-1_2_26_3-1_1_0-5_4-2_0-5:615	276	374	15	26
64	Image5D_bf2983_SPOT5.tif:4-2_3_26_3-1_1_0-5_4-1_0-5:615	388	423	15	26
65	Image5D_bf2983_SPOT5.tif:4-3_3_26_3-3_1_0-5_4-4_0-5:615	386	380	15	26
66	Image5D_bf2983_SPOT5.tif:4-5_3_26_3-2_1_0-5_4-6_0-5:615	312	371	15	26
67	Image5D_bf2983_SPOT5.tif:4-7_3_26_3-2_1_0-5_4-8_0-5:613	444	341	13	26
68	Image5D_bf2983_SPOT5.tif:4-8_3_26_3-2_1_0-5_4-7_0-5:613	279	397	13	26
69	Image5D_bf2983_SPOT5.tif:4-9_3_26_3-4_1_0-5_4-10_0-5:613	203	392	13	26
70	Image5D_bf2983_SPOT5.tif:4-10_3_26_3-4_1_0-5_4-9_0-5:613	240	376	13	26
71	Image5D_bf2983_SPOT5.tif:5-1_3_26_4-6_1_1_5-2_1:616	313	391	16	26
72	Image5D_bf2983_SPOT5.tif:5-2_3_26_4-6_1_1_5-1_1:612	430	405	12	26
73	Image5D_bf2983_SPOT5.tif:4-1_2_27_3-1_1_0-5_4-2_0-5:637	276	370	13	27
74	Image5D_bf2983_SPOT5.tif:4-2_3_27_3-1_1_0-5_4-1_0-5:637	391	414	13	27
75	Image5D_bf2983_SPOT5.tif:4-3_3_27_3-3_1_0-5_4-4_0-5:637	387	369	13	27
76	Image5D_bf2983_SPOT5.tif:4-5_3_27_3-2_1_0-5_4-6_0-5:637	321	367	13	27
77	Image5D_bf2983_SPOT5.tif:4-7_3_27_3-2_1_0-5_4-8_0-5:637	439	343	13	27
78	Image5D_bf2983_SPOT5.tif:4-8_3_27_3-2_1_0-5_4-7_0-5:637	277	393	13	27
79	Image5D_bf2983_SPOT5.tif:4-9_3_27_3-4_1_0-5_4-10_0-5:637	200	381	13	27
80	Image5D_bf2983_SPOT5.tif:4-10_3_27_3-4_1_0-5_4-9_0-5:637	235	370	13	27
81	Image5D_bf2983_SPOT5.tif:5-1_3_27_4-6_1_1_5-2_1:637	313	386	13	27
82	Image5D_bf2983_SPOT5.tif:5-2_3_27_4-6_1_1_5-1_1:632	426	394	8	27
83	Image5D_bf2983_SPOT5.tif:4-1_2_28_3-1_1_0-5_4-2_0-5:662	275	377	14	28
84	Image5D_bf2983_SPOT5.tif:4-2_3_28_3-1_1_0-5_4-1_0-5:662	390	422	14	28
85	Image5D_bf2983_SPOT5.tif:4-3_3_28_3-3_1_0-5_4-4_0-5:662	384	382	14	28
86	Image5D_bf2983_SPOT5.tif:4-5_3_28_3-2_1_0-5_4-6_0-5_0:662	314	368	14	28
87	Image5D_bf2983_SPOT5.tif:4-7_3_28_3-2_1_0-5_4-8_0-5:662	437	355	14	28
88	Image5D_bf2983_SPOT5.tif:4-8_3_28_3-2_1_0-5_4-7_0-5:662	279	397	14	28
89	Image5D_bf2983_SPOT5.tif:4-9_3_28_3-4_1_0-5_4-10_0-5:662	200	392	14	28
90	Image5D_bf2983_SPOT5.tif:4-10_3_28_3-4_1_0-5_4-9_0-5:662	206	376	14	28
91	Image5D_bf2983_SPOT5.tif:5-1_3_28_4-6_1_1_5-2_1:662	313	395	14	28
92	Image5D_bf2983_SPOT5.tif:5-2_3_28_4-6_1_1_5-1_1:657	425	402	9	28
93	Image5D_bf2983_SPOT5.tif:4-1_2_29_3-1_1_0-5_4-2_0-5:686	267	378	14	29
94	Image5D_bf2983_SPOT5.tif:4-2_3_29_3-1_1_0-5_4-1_0-5:686	379	426	14	29
95	Image5D_bf2983_SPOT5.tif:4-3_3_29_3-3_1_0-5_4-4_0-5:686	381	381	14	29
96	Image5D_bf2983_SPOT5.tif:4-7_3_29_3-2_1_0-5_4-8_0-5:686	432	352	14	29
97	Image5D_bf2983_SPOT5.tif:4-8_3_29_3-2_1_0-5_4-7_0-5:686	276	397	14	29
98	Image5D_bf2983_SPOT5.tif:4-9_3_29_3-4_1_0-5_4-10_0-5:686	193	394	14	29
99	Image5D_bf2983_SPOT5.tif:4-10_3_29_3-4_1_0-5_4-9_0-5:686	193	374	14	29
100	Image5D_bf2983_SPOT5.tif:5-1_3_29_4-6_1_1_5-2_1:686	306	395	14	29
101	Image5D_bf2983_SPOT5.tif:5-2_3_29_4-6_1_1_5-1_1:686	433	412	14	29
102	Image5D_bf2983_SPOT5.tif:4-1_2_30_3-1_1_0-5_4-2_0-5:710	264	319	14	30
103	Image5D_bf2983_SPOT5.tif:4-2_3_30_3-1_1_0-5_4-1_0-5:710	387	368	14	30
104	Image5D_bf2983_SPOT5.tif:4-3_3_30_3-3_1_0-5_4-4_0-5:710	381	321	14	30
105	Image5D_bf2983_SPOT5.tif:4-7_3_30_3-2_1_0-5_4-8_0-5:710	430	291	14	30
106	Image5D_bf2983_SPOT5.tif:4-8_3_30_3-2_1_0-5_4-7_0-5:710	270	343	14	30
107	Image5D_bf2983_SPOT5.tif:4-9_3_30_3-4_1_0-5_4-10_0-5:710	193	337	14	30
108	Image5D_bf2983_SPOT5.tif:4-10_3_30_3-4_1_0-5_4-9_0-5:710	196	310	14	30
109	Image5D_bf2983_SPOT5.tif:5-1_3_30_4-6_1_1_5-2_1:710	311	335	14	30
110	Image5D_bf2983_SPOT5.tif:5-2_3_30_4-6_1_1_5-1_1:707	421	347	11	30
111	Image5D_bf2983_SPOT5.tif:4-1_2_31_3-1_1_0-5_4-2_0-5:734	266	376	14	31
112	Image5D_bf2983_SPOT5.tif:4-2_3_31_3-1_1_0-5_4-1_0-5:733	387	419	13	31
113	Image5D_bf2983_SPOT5.tif:4-3_3_31_3-3_1_0-5_4-4_0-5:733	381	374	13	31
114	Image5D_bf2983_SPOT5.tif:4-7_3_31_3-2_1_0-5_4-8_0-5_0:733	436	353	13	31
115	Image5D_bf2983_SPOT5.tif:4-8_3_31_3-2_1_0-5_4-7_0-5:733	277	396	13	31
116	Image5D_bf2983_SPOT5.tif:4-9_3_31_3-4_1_0-5_4-10_0-5:735	198	386	15	31
117	Image5D_bf2983_SPOT5.tif:4-10_3_31_3-4_1_0-5_4-9_0-5:735	196	369	15	31
118	Image5D_bf2983_SPOT5.tif:5-1_3_31_4-6_1_1_5-2_1:735	312	392	15	31
119	Image5D_bf2983_SPOT5.tif:5-2_3_31_4-6_1_1_5-1_1:731	430	403	11	31
120	Image5D_bf2983_SPOT5.tif:4-1_2_32_3-1_1_0-5_4-2_0-5:759	277	381	15	32
121	Image5D_bf2983_SPOT5.tif:4-2_3_32_3-1_1_0-5_4-1_0-5:759	388	428	15	32
122	Image5D_bf2983_SPOT5.tif:4-3_3_32_3-3_1_0-5_4-4_0-5:759	384	371	15	32
123	Image5D_bf2983_SPOT5.tif:4-8_3_32_3-2_1_0-5_4-7_0-5:759	276	400	15	32
124	Image5D_bf2983_SPOT5.tif:4-9_3_32_3-4_1_0-5_4-10_0-5:759	198	393	15	32
125	Image5D_bf2983_SPOT5.tif:4-10_3_32_3-4_1_0-5_4-9_0-5:759	193	370	15	32
126	Image5D_bf2983_SPOT5.tif:5-1_3_32_4-6_1_1_5-2_1:759	316	396	15	32
127	Image5D_bf2983_SPOT5.tif:5-2_3_32_4-6_1_1_5-1_1:754	424	404	10	32
128	Image5D_bf2983_SPOT5.tif:4-2_3_33_3-1_1_0-5_4-1_0-5:781	394	402	13	33
129	Image5D_bf2983_SPOT5.tif:4-3_3_33_3-3_1_0-5_4-4_0-5:781	380	361	13	33
130	Image5D_bf2983_SPOT5.tif:4-8_3_33_3-2_1_0-5_4-7_0-5:781	283	385	13	33
131	Image5D_bf2983_SPOT5.tif:4-9_3_33_3-4_1_0-5_4-10_0-5:782	196	379	14	33
132	Image5D_bf2983_SPOT5.tif:4-10_3_33_3-4_1_0-5_4-9_0-5:782	194	364	14	33
133	Image5D_bf2983_SPOT5.tif:5-1_3_33_4-6_1_1_5-2_1:782	306	373	14	33
134	Image5D_bf2983_SPOT5.tif:5-2_3_33_4-6_1_1_5-1_1:777	427	387	9	33
135	Image5D_bf2983_SPOT5.tif:5-3_3_33_4-1_1_1_5-4_1:780	241	369	12	33
136	Image5D_bf2983_SPOT5.tif:5-4_3_33_4-1_1_1_5-3_1:780	270	363	12	33
137	Image5D_bf2983_SPOT5.tif:4-2_3_34_3-1_1_0-5_4-1_0-5:805	382	416	13	34
138	Image5D_bf2983_SPOT5.tif:4-3_3_34_3-3_1_0-5_4-4_0-5:805	379	371	13	34
139	Image5D_bf2983_SPOT5.tif:4-8_3_34_3-2_1_0-5_4-7_0-5:805	274	387	13	34
140	Image5D_bf2983_SPOT5.tif:4-9_3_34_3-4_1_0-5_4-10_0-5:805	192	393	13	34
141	Image5D_bf2983_SPOT5.tif:4-10_3_34_3-4_1_0-5_4-9_0-5:805	188	369	13	34
142	Image5D_bf2983_SPOT5.tif:5-1_3_34_4-6_1_1_5-2_1:805	306	385	13	34
143	Image5D_bf2983_SPOT5.tif:5-2_3_34_4-6_1_1_5-1_1:805	434	402	13	34
144	Image5D_bf2983_SPOT5.tif:5-3_3_34_4-1_1_1_5-4_1:805	256	381	13	34
145	Image5D_bf2983_SPOT5.tif:5-4_3_34_4-1_1_1_5-3_1:805	265	371	13	34
146	Image5D_bf2983_SPOT5.tif:4-2_3_35_3-1_1_0-5_4-1_0-5:829	382	406	13	35
147	Image5D_bf2983_SPOT5.tif:4-3_3_35_3-3_1_0-5_4-4_0-5:829	376	361	13	35
148	Image5D_bf2983_SPOT5.tif:4-8_3_35_3-2_1_0-5_4-7_0-5:829	271	385	13	35
149	Image5D_bf2983_SPOT5.tif:4-9_3_35_3-4_1_0-5_4-10_0-5:829	192	387	13	35
150	Image5D_bf2983_SPOT5.tif:4-10_3_35_3-4_1_0-5_4-9_0-5:829	183	366	13	35
151	Image5D_bf2983_SPOT5.tif:5-1_3_35_4-6_1_1_5-2_1:829	299	378	13	35
152	Image5D_bf2983_SPOT5.tif:5-2_3_35_4-6_1_1_5-1_1:829	428	393	13	35
153	Image5D_bf2983_SPOT5.tif:5-3_3_35_4-1_1_1_5-4_1:829	238	374	13	35
154	Image5D_bf2983_SPOT5.tif:5-4_3_35_4-1_1_1_5-3_1:829	258	370	13	35
155	Image5D_bf2983_SPOT5.tif:4-2_3_36_3-1_1_0-5_4-1_0-5:856	386	414	16	36
156	Image5D_bf2983_SPOT5.tif:4-3_3_36_3-3_1_0-5_4-4_0-5:856	380	371	16	36
157	Image5D_bf2983_SPOT5.tif:4-8_3_36_3-2_1_0-5_4-7_0-5:856	279	394	16	36
158	Image5D_bf2983_SPOT5.tif:4-9_3_36_3-4_1_0-5_4-10_0-5:858	199	383	18	36
159	Image5D_bf2983_SPOT5.tif:4-10_3_36_3-4_1_0-5_4-9_0-5:858	193	369	18	36
160	Image5D_bf2983_SPOT5.tif:5-1_3_36_4-6_1_1_5-2_1:857	317	383	17	36
161	Image5D_bf2983_SPOT5.tif:5-2_3_36_4-6_1_1_5-1_1:857	428	362	17	36
162	Image5D_bf2983_SPOT5.tif:5-3_3_36_4-1_1_1_5-4_1:857	263	377	17	36
163	Image5D_bf2983_SPOT5.tif:5-4_3_36_4-1_1_1_5-3_1:857	282	370	17	36
164	Image5D_bf2983_SPOT5.tif:4-2_3_37_3-1_1_0-5_4-1_0-5:881	389	411	17	37
165	Image5D_bf2983_SPOT5.tif:4-3_3_37_3-3_1_0-5_4-4_0-5:881	382	366	17	37
166	Image5D_bf2983_SPOT5.tif:4-8_3_37_3-2_1_0-5_4-7_0-5:881	285	384	17	37
167	Image5D_bf2983_SPOT5.tif:4-9_3_37_3-4_1_0-5_4-10_0-5:881	203	386	17	37
168	Image5D_bf2983_SPOT5.tif:4-10_3_37_3-4_1_0-5_4-9_0-5:881	214	371	17	37
169	Image5D_bf2983_SPOT5.tif:5-1_3_37_4-6_1_1_5-2_1:881	320	379	17	37
170	Image5D_bf2983_SPOT5.tif:5-2_3_37_4-6_1_1_5-1_1:881	435	357	17	37
171	Image5D_bf2983_SPOT5.tif:5-3_3_37_4-1_1_1_5-4_1:881	267	372	17	37
172	Image5D_bf2983_SPOT5.tif:5-4_3_37_4-1_1_1_5-3_1:881	283	363	17	37
173	Image5D_bf2983_SPOT5.tif:4-2_3_38_3-1_1_0-5_4-1_0-5:905	381	418	17	38
174	Image5D_bf2983_SPOT5.tif:4-3_3_38_3-3_1_0-5_4-4_0-5:905	370	378	17	38
175	Image5D_bf2983_SPOT5.tif:4-8_3_38_3-2_1_0-5_4-7_0-5:905	274	390	17	38
176	Image5D_bf2983_SPOT5.tif:4-9_3_38_3-4_1_0-5_4-10_0-5:906	189	389	18	38
177	Image5D_bf2983_SPOT5.tif:4-10_3_38_3-4_1_0-5_4-9_0-5:906	196	379	18	38
178	Image5D_bf2983_SPOT5.tif:5-1_3_38_4-6_1_1_5-2_1:906	313	387	18	38
179	Image5D_bf2983_SPOT5.tif:5-2_3_38_4-6_1_1_5-1_1:906	420	361	18	38
180	Image5D_bf2983_SPOT5.tif:5-3_3_38_4-1_1_1_5-4_1:906	217	375	18	38
181	Image5D_bf2983_SPOT5.tif:5-4_3_38_4-1_1_1_5-3_1:906	255	376	18	38
182	Image5D_bf2983_SPOT5.tif:4-2_3_39_3-1_1_0-5_4-1_0-5:930	374	420	18	39
183	Image5D_bf2983_SPOT5.tif:4-3_3_39_3-3_1_0-5_4-4_0-5_0:930	370	369	18	39
184	Image5D_bf2983_SPOT5.tif:4-8_3_39_3-2_1_0-5_4-7_0-5_0:930	269	390	18	39
185	Image5D_bf2983_SPOT5.tif:4-9_3_39_3-4_1_0-5_4-10_0-5:930	187	389	18	39
186	Image5D_bf2983_SPOT5.tif:4-10_3_39_3-4_1_0-5_4-9_0-5:930	193	373	18	39
187	Image5D_bf2983_SPOT5.tif:5-1_3_39_4-6_1_1_5-2_1:930	307	380	18	39
188	Image5D_bf2983_SPOT5.tif:5-2_3_39_4-6_1_1_5-1_1:930	418	360	18	39
189	Image5D_bf2983_SPOT5.tif:5-3_3_39_4-1_1_1_5-4_1:930	242	380	18	39
190	Image5D_bf2983_SPOT5.tif:5-4_3_39_4-1_1_1_5-3_1:930	255	369	18	39
191	Image5D_bf2983_SPOT5.tif:4-2_3_40_3-1_1_0-5_4-1_0-5:952	379	421	16	40
192	Image5D_bf2983_SPOT5.tif:4-9_3_40_3-4_1_0-5_4-10_0-5:952	194	389	16	40
193	Image5D_bf2983_SPOT5.tif:4-10_3_40_3-4_1_0-5_4-9_0-5:952	202	371	16	40
194	Image5D_bf2983_SPOT5.tif:5-1_3_40_4-6_1_1_5-2_1:952	314	380	16	40
195	Image5D_bf2983_SPOT5.tif:5-2_3_40_4-6_1_1_5-1_1:952	426	361	16	40
196	Image5D_bf2983_SPOT5.tif:5-3_3_40_4-1_1_1_5-4_1:952	246	378	16	40
197	Image5D_bf2983_SPOT5.tif:5-4_3_40_4-1_1_1_5-3_1:952	269	380	16	40
198	Image5D_bf2983_SPOT5.tif:4-2_3_41_3-1_1_0-5_4-1_0-5:974	375	421	14	41
199	Image5D_bf2983_SPOT5.tif:4-9_3_41_3-4_1_0-5_4-10_0-5:974	189	395	14	41
200	Image5D_bf2983_SPOT5.tif:4-10_3_41_3-4_1_0-5_4-9_0-5_0:974	195	381	14	41
201	Image5D_bf2983_SPOT5.tif:5-1_3_41_4-6_1_1_5-2_1:974	308	384	14	41
202	Image5D_bf2983_SPOT5.tif:5-2_3_41_4-6_1_1_5-1_1:974	415	369	14	41
203	Image5D_bf2983_SPOT5.tif:5-3_3_41_4-1_1_1_5-4_1:974	243	383	14	41
204	Image5D_bf2983_SPOT5.tif:5-4_3_41_4-1_1_1_5-3_1:974	269	376	14	41
205	Image5D_bf2983_SPOT5.tif:4-2_3_42_3-1_1_0-5_4-1_0-5:998	378	417	14	42
206	Image5D_bf2983_SPOT5.tif:4-9_3_42_3-4_1_0-5_4-10_0-5:998	192	388	14	42
207	Image5D_bf2983_SPOT5.tif:5-1_3_42_4-6_1_1_5-2_1:998	312	380	14	42
208	Image5D_bf2983_SPOT5.tif:5-2_3_42_4-6_1_1_5-1_1:998	416	360	14	42
209	Image5D_bf2983_SPOT5.tif:5-3_3_42_4-1_1_1_5-4_1:998	237	379	14	42
210	Image5D_bf2983_SPOT5.tif:5-4_3_42_4-1_1_1_5-3_1:998	262	377	14	42
211	Image5D_bf2983_SPOT5.tif:4-2_3_43_3-1_1_0-5_4-1_0-5:1023	364	421	15	43
212	Image5D_bf2983_SPOT5.tif:4-9_3_43_3-4_1_0-5_4-10_0-5:1023	182	389	15	43
213	Image5D_bf2983_SPOT5.tif:5-1_3_43_4-6_1_1_5-2_1:1023	305	377	15	43
214	Image5D_bf2983_SPOT5.tif:5-2_3_43_4-6_1_1_5-1_1:1023	411	370	15	43
215	Image5D_bf2983_SPOT5.tif:5-3_3_43_4-1_1_1_5-4_1:1021	233	377	13	43
216	Image5D_bf2983_SPOT5.tif:5-4_3_43_4-1_1_1_5-3_1_0:1021	253	375	13	43
217	Image5D_bf2983_SPOT5.tif:4-2_3_44_3-1_1_0-5_4-1_0-5:1046	380	415	14	44
218	Image5D_bf2983_SPOT5.tif:4-9_3_44_3-4_1_0-5_4-10_0-5:1046	192	390	14	44
219	Image5D_bf2983_SPOT5.tif:5-1_3_44_4-6_1_1_5-2_1:1048	303	370	16	44
220	Image5D_bf2983_SPOT5.tif:5-2_3_44_4-6_1_1_5-1_1:1048	417	362	16	44
221	Image5D_bf2983_SPOT5.tif:5-3_3_44_4-1_1_1_5-4_1_0:1047	256	382	15	44
222	Image5D_bf2983_SPOT5.tif:4-2_3_45_3-1_1_0-5_4-1_0-5:1072	377	419	16	45
223	Image5D_bf2983_SPOT5.tif:4-9_3_45_3-4_1_0-5_4-10_0-5:1072	190	385	16	45
224	Image5D_bf2983_SPOT5.tif:5-1_3_45_4-6_1_1_5-2_1:1072	420	364	16	45
225	Image5D_bf2983_SPOT5.tif:5-2_3_45_4-6_1_1_5-1_1:1072	405	394	16	45
226	Image5D_bf2983_SPOT5.tif:4-2_3_46_3-1_1_0-5_4-1_0-5:1096	370	428	16	46
227	Image5D_bf2983_SPOT5.tif:4-9_3_46_3-4_1_0-5_4-10_0-5:1096	187	394	16	46
228	Image5D_bf2983_SPOT5.tif:5-1_3_46_4-6_1_1_5-2_1:1096	422	359	16	46
229	Image5D_bf2983_SPOT5.tif:5-2_3_46_4-6_1_1_5-1_1:1092	409	407	12	46
230	Image5D_bf2983_SPOT5.tif:4-2_3_47_3-1_1_0-5_4-1_0-5:1116	385	415	12	47
231	Image5D_bf2983_SPOT5.tif:4-9_3_47_3-4_1_0-5_4-10_0-5:1118	198	389	14	47
232	Image5D_bf2983_SPOT5.tif:5-1_3_47_4-6_1_1_5-2_1:1118	430	353	14	47
233	Image5D_bf2983_SPOT5.tif:5-2_3_47_4-6_1_1_5-1_1:1115	415	403	11	47
234	Image5D_bf2983_SPOT5.tif:4-2_3_48_3-1_1_0-5_4-1_0-5:1139	386	414	11	48
235	Image5D_bf2983_SPOT5.tif:4-9_3_48_3-4_1_0-5_4-10_0-5:1141	199	391	13	48
236	Image5D_bf2983_SPOT5.tif:5-1_3_48_4-6_1_1_5-2_1:1141	427	351	13	48
237	Image5D_bf2983_SPOT5.tif:5-2_3_48_4-6_1_1_5-1_1:1139	415	408	11	48
238	Image5D_bf2983_SPOT5.tif:4-2_3_49_3-1_1_0-5_4-1_0-5:1166	377	424	14	49
239	Image5D_bf2983_SPOT5.tif:4-9_3_49_3-4_1_0-5_4-10_0-5:1166	187	394	14	49
240	Image5D_bf2983_SPOT5.tif:5-1_3_49_4-6_1_1_5-2_1:1166	421	350	14	49
241	Image5D_bf2983_SPOT5.tif:5-2_3_49_4-6_1_1_5-1_1:1164	413	411	12	49
242	Image5D_bf2983_SPOT5.tif:4-2_3_50_3-1_1_0-5_4-1_0-5:1188	377	414	12	50
243	Image5D_bf2983_SPOT5.tif:4-9_3_50_3-4_1_0-5_4-10_0-5:1191	184	393	15	50
244	Image5D_bf2983_SPOT5.tif:5-1_3_50_4-6_1_1_5-2_1:1187	425	357	11	50
245	Image5D_bf2983_SPOT5.tif:5-2_3_50_4-6_1_1_5-1_1:1187	408	403	11	50
246	Image5D_bf2983_SPOT5.tif:4-2_3_51_3-1_1_0-5_4-1_0-5:1213	372	424	13	51
247	Image5D_bf2983_SPOT5.tif:4-9_3_51_3-4_1_0-5_4-10_0-5:1213	186	392	13	51
248	Image5D_bf2983_SPOT5.tif:5-1_3_51_4-6_1_1_5-2_1:1213	416	362	13	51
249	Image5D_bf2983_SPOT5.tif:5-2_3_51_4-6_1_1_5-1_1:1213	397	407	13	51
250	Image5D_bf2983_SPOT5.tif:4-2_3_52_3-1_1_0-5_4-1_0-5:1237	369	421	13	52
251	Image5D_bf2983_SPOT5.tif:4-9_3_52_3-4_1_0-5_4-10_0-5:1237	179	393	13	52
252	Image5D_bf2983_SPOT5.tif:5-1_3_52_4-6_1_1_5-2_1:1237	419	353	13	52
253	Image5D_bf2983_SPOT5.tif:5-2_3_52_4-6_1_1_5-1_1:1237	403	411	13	52
254	Image5D_bf2983_SPOT5.tif:4-2_3_53_3-1_1_0-5_4-1_0-5:1261	385	421	13	53
255	Image5D_bf2983_SPOT5.tif:4-9_3_53_3-4_1_0-5_4-10_0-5:1263	191	392	15	53
256	Image5D_bf2983_SPOT5.tif:5-1_3_53_4-6_1_1_5-2_1:1263	426	349	15	53
257	Image5D_bf2983_SPOT5.tif:5-2_3_53_4-6_1_1_5-1_1:1263	409	404	15	53
258	Image5D_bf2983_SPOT5.tif:4-2_3_54_3-1_1_0-5_4-1_0-5:1287	383	426	15	54
259	Image5D_bf2983_SPOT5.tif:4-9_3_54_3-4_1_0-5_4-10_0-5:1287	195	392	15	54
260	Image5D_bf2983_SPOT5.tif:5-1_3_54_4-6_1_1_5-2_1:1287	430	352	15	54
261	Image5D_bf2983_SPOT5.tif:5-2_3_54_4-6_1_1_5-1_1:1287	418	408	15	54
262	Image5D_bf2983_SPOT5.tif:4-2_3_55_3-1_1_0-5_4-1_0-5:1311	378	424	15	55
263	Image5D_bf2983_SPOT5.tif:4-9_3_55_3-4_1_0-5_4-10_0-5:1311	185	396	15	55
264	Image5D_bf2983_SPOT5.tif:5-1_3_55_4-6_1_1_5-2_1:1311	422	355	15	55
265	Image5D_bf2983_SPOT5.tif:5-2_3_55_4-6_1_1_5-1_1:1310	417	413	14	55
266	Image5D_bf2983_SPOT5.tif:4-2_3_56_3-1_1_0-5_4-1_0-5:1334	386	428	14	56
267	Image5D_bf2983_SPOT5.tif:4-9_3_56_3-4_1_0-5_4-10_0-5:1334	192	396	14	56
268	Image5D_bf2983_SPOT5.tif:5-1_3_56_4-6_1_1_5-2_1:1334	432	362	14	56
269	Image5D_bf2983_SPOT5.tif:5-2_3_56_4-6_1_1_5-1_1:1334	414	413	14	56
270	Image5D_bf2983_SPOT5.tif:4-2_3_57_3-1_1_0-5_4-1_0-5:1358	373	424	14	57
271	Image5D_bf2983_SPOT5.tif:4-9_3_57_3-4_1_0-5_4-10_0-5:1358	188	396	14	57
272	Image5D_bf2983_SPOT5.tif:5-1_3_57_4-6_1_1_5-2_1:1358	421	355	14	57
273	Image5D_bf2983_SPOT5.tif:5-2_3_57_4-6_1_1_5-1_1:1358	408	407	14	57
274	Image5D_bf2983_SPOT5.tif:4-2_3_58_3-1_1_0-5_4-1_0-5:1382	376	423	14	58
275	Image5D_bf2983_SPOT5.tif:4-9_3_58_3-4_1_0-5_4-10_0-5:1382	185	387	14	58
276	Image5D_bf2983_SPOT5.tif:5-1_3_58_4-6_1_1_5-2_1:1382	423	353	14	58
277	Image5D_bf2983_SPOT5.tif:5-2_3_58_4-6_1_1_5-1_1:1382	404	399	14	58
278	Image5D_bf2983_SPOT5.tif:4-2_3_59_3-1_1_0-5_4-1_0-5:1404	374	419	12	59
279	Image5D_bf2983_SPOT5.tif:4-9_3_59_3-4_1_0-5_4-10_0-5:1404	183	393	12	59
280	Image5D_bf2983_SPOT5.tif:5-1_3_59_4-6_1_1_5-2_1:1404	422	348	12	59
281	Image5D_bf2983_SPOT5.tif:5-2_3_59_4-6_1_1_5-1_1:1404	397	404	12	59
282	Image5D_bf2983_SPOT5.tif:4-2_3_60_3-1_1_0-5_4-1_0-5:1428	385	425	12	60
283	Image5D_bf2983_SPOT5.tif:4-9_3_60_3-4_1_0-5_4-10_0-5:1428	192	394	12	60
284	Image5D_bf2983_SPOT5.tif:5-1_3_60_4-6_1_1_5-2_1:1428	429	350	12	60
285	Image5D_bf2983_SPOT5.tif:5-2_3_60_4-6_1_1_5-1_1:1428	408	413	12	60
286	Image5D_bf2983_SPOT5.tif:4-2_3_61_3-1_1_0-5_4-1_0-5:1452	375	418	12	61
287	Image5D_bf2983_SPOT5.tif:4-9_3_61_3-4_1_0-5_4-10_0-5:1452	193	389	12	61
288	Image5D_bf2983_SPOT5.tif:5-1_3_61_4-6_1_1_5-2_1:1452	427	354	12	61
289	Image5D_bf2983_SPOT5.tif:5-2_3_61_4-6_1_1_5-1_1:1452	415	414	12	61
290	Image5D_bf2983_SPOT5.tif:4-2_3_62_3-1_1_0-5_4-1_0-5:1476	378	422	12	62
291	Image5D_bf2983_SPOT5.tif:4-9_3_62_3-4_1_0-5_4-10_0-5:1476	187	397	12	62
292	Image5D_bf2983_SPOT5.tif:5-1_3_62_4-6_1_1_5-2_1:1476	423	351	12	62
293	Image5D_bf2983_SPOT5.tif:5-2_3_62_4-6_1_1_5-1_1:1476	410	417	12	62
294	Image5D_bf2983_SPOT5.tif:4-2_3_63_3-1_1_0-5_4-1_0-5:1500	386	431	12	63
295	Image5D_bf2983_SPOT5.tif:4-9_3_63_3-4_1_0-5_4-10_0-5:1500	206	395	12	63
296	Image5D_bf2983_SPOT5.tif:5-1_3_63_4-6_1_1_5-2_1:1500	436	359	12	63
297	Image5D_bf2983_SPOT5.tif:5-2_3_63_4-6_1_1_5-1_1:1500	416	416	12	63
298	Image5D_bf2983_SPOT5.tif:4-2_3_64_3-1_1_0-5_4-1_0-5:1525	382	410	13	64
299	Image5D_bf2983_SPOT5.tif:4-9_3_64_3-4_1_0-5_4-10_0-5:1525	195	379	13	64
300	Image5D_bf2983_SPOT5.tif:5-1_3_64_4-6_1_1_5-2_1:1525	428	337	13	64
301	Image5D_bf2983_SPOT5.tif:5-2_3_64_4-6_1_1_5-1_1:1525	420	398	13	64
302	Image5D_bf2983_SPOT5.tif:4-2_3_65_3-1_1_0-5_4-1_0-5:1550	399	335	14	65
303	Image5D_bf2983_SPOT5.tif:4-9_3_65_3-4_1_0-5_4-10_0-5:1550	208	308	14	65
304	Image5D_bf2983_SPOT5.tif:5-1_3_65_4-6_1_1_5-2_1:1550	438	267	14	65
305	Image5D_bf2983_SPOT5.tif:5-2_3_65_4-6_1_1_5-1_1:1550	429	325	14	65
306	Image5D_bf2983_SPOT5.tif:4-2_3_66_3-1_1_0-5_4-1_0-5:1574	399	333	14	66
307	Image5D_bf2983_SPOT5.tif:4-9_3_66_3-4_1_0-5_4-10_0-5:1574	214	299	14	66
308	Image5D_bf2983_SPOT5.tif:5-1_3_66_4-6_1_1_5-2_1:1574	450	257	14	66
309	Image5D_bf2983_SPOT5.tif:5-2_3_66_4-6_1_1_5-1_1:1574	430	317	14	66
310	Image5D_bf2983_SPOT5.tif:4-2_3_67_3-1_1_0-5_4-1_0-5:1598	405	325	14	67
311	Image5D_bf2983_SPOT5.tif:4-9_3_67_3-4_1_0-5_4-10_0-5:1598	214	297	14	67
312	Image5D_bf2983_SPOT5.tif:5-1_3_67_4-6_1_1_5-2_1:1598	449	261	14	67
313	Image5D_bf2983_SPOT5.tif:5-2_3_67_4-6_1_1_5-1_1:1598	437	320	14	67
314	Image5D_bf2983_SPOT5.tif:4-2_3_68_3-1_1_0-5_4-1_0-5:1621	402	322	13	68
315	Image5D_bf2983_SPOT5.tif:4-9_3_68_3-4_1_0-5_4-10_0-5:1621	223	297	13	68
316	Image5D_bf2983_SPOT5.tif:5-1_3_68_4-6_1_1_5-2_1:1621	442	248	13	68
317	Image5D_bf2983_SPOT5.tif:5-2_3_68_4-6_1_1_5-1_1:1621	431	307	13	68
318	Image5D_bf2983_SPOT5.tif:4-2_3_69_3-1_1_0-5_4-1_0-5:1645	367	408	13	69
319	Image5D_bf2983_SPOT5.tif:4-9_3_69_3-4_1_0-5_4-10_0-5:1645	187	382	13	69
320	Image5D_bf2983_SPOT5.tif:5-1_3_69_4-6_1_1_5-2_1:1645	411	334	13	69
321	Image5D_bf2983_SPOT5.tif:5-2_3_69_4-6_1_1_5-1_1:1645	400	399	13	69
322	Image5D_bf2983_SPOT5.tif:4-2_3_70_3-1_1_0-5_4-1_0-5:1669	367	421	13	70
323	Image5D_bf2983_SPOT5.tif:4-9_3_70_3-4_1_0-5_4-10_0-5:1669	183	392	13	70
324	Image5D_bf2983_SPOT5.tif:5-1_3_70_4-6_1_1_5-2_1:1669	408	348	13	70
325	Image5D_bf2983_SPOT5.tif:5-2_3_70_4-6_1_1_5-1_1:1669	400	412	13	70
326	Image5D_bf2983_SPOT5.tif:4-2_3_71_3-1_1_0-5_4-1_0-5:1693	368	421	13	71
327	Image5D_bf2983_SPOT5.tif:4-9_3_71_3-4_1_0-5_4-10_0-5:1693	186	393	13	71
328	Image5D_bf2983_SPOT5.tif:5-1_3_71_4-6_1_1_5-2_1:1693	410	348	13	71
329	Image5D_bf2983_SPOT5.tif:5-2_3_71_4-6_1_1_5-1_1:1693	401	409	13	71
330	Image5D_bf2983_SPOT5.tif:4-2_3_72_3-1_1_0-5_4-1_0-5:1717	378	418	13	72
331	Image5D_bf2983_SPOT5.tif:4-9_3_72_3-4_1_0-5_4-10_0-5:1717	186	391	13	72
332	Image5D_bf2983_SPOT5.tif:5-1_3_72_4-6_1_1_5-2_1:1717	416	346	13	72
333	Image5D_bf2983_SPOT5.tif:5-2_3_72_4-6_1_1_5-1_1:1717	404	409	13	72
334	Image5D_bf2983_SPOT5.tif:4-2_3_73_3-1_1_0-5_4-1_0-5:1741	367	417	13	73
335	Image5D_bf2983_SPOT5.tif:4-9_3_73_3-4_1_0-5_4-10_0-5:1741	176	399	13	73
336	Image5D_bf2983_SPOT5.tif:5-1_3_73_4-6_1_1_5-2_1:1741	413	343	13	73
337	Image5D_bf2983_SPOT5.tif:5-2_3_73_4-6_1_1_5-1_1:1741	397	407	13	73
338	Image5D_bf2983_SPOT5.tif:4-2_3_74_3-1_1_0-5_4-1_0-5:1765	370	421	13	74
339	Image5D_bf2983_SPOT5.tif:4-9_3_74_3-4_1_0-5_4-10_0-5:1765	183	389	13	74
340	Image5D_bf2983_SPOT5.tif:5-1_3_74_4-6_1_1_5-2_1:1765	417	342	13	74
341	Image5D_bf2983_SPOT5.tif:5-2_3_74_4-6_1_1_5-1_1:1765	402	410	13	74
342	Image5D_bf2983_SPOT5.tif:4-2_3_75_3-1_1_0-5_4-1_0-5:1789	367	419	13	75
343	Image5D_bf2983_SPOT5.tif:4-9_3_75_3-4_1_0-5_4-10_0-5:1789	182	392	13	75
344	Image5D_bf2983_SPOT5.tif:5-1_3_75_4-6_1_1_5-2_1:1789	414	349	13	75
345	Image5D_bf2983_SPOT5.tif:5-2_3_75_4-6_1_1_5-1_1:1789	396	413	13	75
346	Image5D_bf2983_SPOT5.tif:4-2_3_76_3-1_1_0-5_4-1_0-5:1813	372	415	13	76
347	Image5D_bf2983_SPOT5.tif:4-9_3_76_3-4_1_0-5_4-10_0-5:1813	188	390	13	76
348	Image5D_bf2983_SPOT5.tif:5-1_3_76_4-6_1_1_5-2_1:1813	413	340	13	76
349	Image5D_bf2983_SPOT5.tif:5-2_3_76_4-6_1_1_5-1_1:1813	403	408	13	76
350	Image5D_bf2983_SPOT5.tif:4-2_3_77_3-1_1_0-5_4-1_0-5:1837	364	413	13	77
351	Image5D_bf2983_SPOT5.tif:4-9_3_77_3-4_1_0-5_4-10_0-5:1837	178	384	13	77
352	Image5D_bf2983_SPOT5.tif:5-1_3_77_4-6_1_1_5-2_1:1837	404	343	13	77
353	Image5D_bf2983_SPOT5.tif:5-2_3_77_4-6_1_1_5-1_1:1837	396	399	13	77
354	Image5D_bf2983_SPOT5.tif:4-2_3_78_3-1_1_0-5_4-1_0-5:1861	368	416	13	78
355	Image5D_bf2983_SPOT5.tif:4-9_3_78_3-4_1_0-5_4-10_0-5:1861	181	389	13	78
356	Image5D_bf2983_SPOT5.tif:5-1_3_78_4-6_1_1_5-2_1:1861	406	347	13	78
357	Image5D_bf2983_SPOT5.tif:5-2_3_78_4-6_1_1_5-1_1:1861	396	409	13	78
358	Image5D_bf2983_SPOT5.tif:4-2_3_79_3-1_1_0-5_4-1_0-5:1885	366	403	13	79
359	Image5D_bf2983_SPOT5.tif:4-9_3_79_3-4_1_0-5_4-10_0-5:1885	182	369	13	79
360	Image5D_bf2983_SPOT5.tif:5-1_3_79_4-6_1_1_5-2_1:1885	410	324	13	79
361	Image5D_bf2983_SPOT5.tif:5-2_3_79_4-6_1_1_5-1_1:1885	402	392	13	79
362	Image5D_bf2983_SPOT5.tif:4-2_3_80_3-1_1_0-5_4-1_0-5:1909	363	407	13	80
363	Image5D_bf2983_SPOT5.tif:4-9_3_80_3-4_1_0-5_4-10_0-5:1909	176	376	13	80
364	Image5D_bf2983_SPOT5.tif:5-1_3_80_4-6_1_1_5-2_1:1909	402	335	13	80
365	Image5D_bf2983_SPOT5.tif:5-2_3_80_4-6_1_1_5-1_1:1909	390	395	13	80
366	Image5D_bf2983_SPOT5.tif:4-2_3_81_3-1_1_0-5_4-1_0-5:1933	346	418	13	81
367	Image5D_bf2983_SPOT5.tif:4-9_3_81_3-4_1_0-5_4-10_0-5:1933	161	395	13	81
368	Image5D_bf2983_SPOT5.tif:5-1_3_81_4-6_1_1_5-2_1:1933	390	343	13	81
369	Image5D_bf2983_SPOT5.tif:5-2_3_81_4-6_1_1_5-1_1:1933	378	410	13	81
370	Image5D_bf2983_SPOT5.tif:4-2_3_82_3-1_1_0-5_4-1_0-5:1957	359	419	13	82
371	Image5D_bf2983_SPOT5.tif:4-9_3_82_3-4_1_0-5_4-10_0-5:1957	170	391	13	82
372	Image5D_bf2983_SPOT5.tif:5-1_3_82_4-6_1_1_5-2_1:1957	401	344	13	82
373	Image5D_bf2983_SPOT5.tif:5-2_3_82_4-6_1_1_5-1_1:1957	389	405	13	82
374	Image5D_bf2983_SPOT5.tif:4-2_3_83_3-1_1_0-5_4-1_0-5:1981	360	411	13	83
375	Image5D_bf2983_SPOT5.tif:4-9_3_83_3-4_1_0-5_4-10_0-5:1981	168	387	13	83
376	Image5D_bf2983_SPOT5.tif:5-1_3_83_4-6_1_1_5-2_1:1981	404	334	13	83
377	Image5D_bf2983_SPOT5.tif:5-2_3_83_4-6_1_1_5-1_1:1981	388	405	13	83
378	Image5D_bf2983_SPOT5.tif:4-2_3_84_3-1_1_0-5_4-1_0-5:2004	353	422	12	84
379	Image5D_bf2983_SPOT5.tif:4-9_3_84_3-4_1_0-5_4-10_0-5:2004	156	395	12	84
380	Image5D_bf2983_SPOT5.tif:5-1_3_84_4-6_1_1_5-2_1:2004	392	348	12	84
381	Image5D_bf2983_SPOT5.tif:5-2_3_84_4-6_1_1_5-1_1:2004	384	411	12	84
382	Image5D_bf2983_SPOT5.tif:4-2_3_85_3-1_1_0-5_4-1_0-5:2028	355	420	12	85
383	Image5D_bf2983_SPOT5.tif:4-9_3_85_3-4_1_0-5_4-10_0-5:2028	175	392	12	85
384	Image5D_bf2983_SPOT5.tif:5-1_3_85_4-6_1_1_5-2_1:2028	409	348	12	85
385	Image5D_bf2983_SPOT5.tif:5-2_3_85_4-6_1_1_5-1_1:2028	388	410	12	85
