 	Label	X	Y	Slice	Frame
1	Image5D_bf2985_SPOT4.tif:1-1_1_1_NA_1_1_NA_1:15	110.000	144.667	15	1
2	Image5D_bf2985_SPOT4.tif:1-1_1_2_NA_1_1_NA_1:39	111.333	141.333	12	2
3	Image5D_bf2985_SPOT4.tif:1-1_1_3_NA_1_1_NA_1:67	116.000	143.333	13	3
4	Image5D_bf2985_SPOT4.tif:1-1_1_4_NA_1_1_NA_1:97	105.333	141.333	16	4
5	Image5D_bf2985_SPOT4.tif:1-1_1_5_NA_1_1_NA_1:122	105.333	132.667	14	5
6	Image5D_bf2985_SPOT4.tif:2-1_1_6_1-1_1_1_2-2_1:148	115.333	132.667	13	6
7	Image5D_bf2985_SPOT4.tif:2-2_2_6_1-1_1_1_2-1_1:148	104.000	128.667	13	6
8	Image5D_bf2985_SPOT4.tif:2-1_1_7_1-1_1_1_2-2_1:177	117.333	132.000	15	7
9	Image5D_bf2985_SPOT4.tif:2-2_2_7_1-1_1_1_2-1_1:177	106.667	128.000	15	7
10	Image5D_bf2985_SPOT4.tif:2-1_1_8_1-1_1_1_2-2_1:202	109.333	130.667	13	8
11	Image5D_bf2985_SPOT4.tif:3-1_2_8_2-2_1_1_3-2_1:202	114.000	118.000	13	8
12	Image5D_bf2985_SPOT4.tif:3-2_2_8_2-2_1_1_3-1_1:202	164.667	136.667	13	8
13	Image5D_bf2985_SPOT4.tif:2-1_1_9_1-1_1_1_2-2_1:231	100.667	142.000	15	9
14	Image5D_bf2985_SPOT4.tif:4-1_2_9_3-1_1_1_4-2_0-5:231	97.333	132.667	15	9
15	Image5D_bf2985_SPOT4.tif:4-2_2_9_3-1_1_1_4-1_0-5:234	93.333	108.000	18	9
16	Image5D_bf2985_SPOT4.tif:4-3_2_9_3-2_1_1_4-4_0-5:231	116.667	134.667	15	9
17	Image5D_bf2985_SPOT4.tif:4-4_3_9_3-2_1_1_4-3_0-5:231	112.667	100.667	15	9
18	Image5D_bf2985_SPOT4.tif:2-1_1_10_1-1_1_1_2-2_1:260	111.333	132.667	17	10
19	Image5D_bf2985_SPOT4.tif:4-4_3_10_3-2_1_1_4-3_0-5:262	86.000	112.000	19	10
20	Image5D_bf2985_SPOT4.tif:5-1_3_10_4-1_1_1_5-2_0-5:262	110.000	114.000	19	10
21	Image5D_bf2985_SPOT4.tif:5-2_2_10_4-1_1_1_5-2_0-5:262	113.000	139.000	19	10
22	Image5D_bf2985_SPOT4.tif:5-3_3_10_4-2_1_0-5_5-4_0-5:262	108.000	63.000	19	10
23	Image5D_bf2985_SPOT4.tif:5-4_3_10_4-2_1_0-5_5-3_0-5:262	129.000	74.000	19	10
24	Image5D_bf2985_SPOT4.tif:5-5_2_10_4-2_1_0-5_5-3_0-5:262	128.000	89.000	19	10
25	Image5D_bf2985_SPOT4.tif:5-6_2_10_4-3_1_1_5-7_0-5:262	114.000	100.000	19	10
26	Image5D_bf2985_SPOT4.tif:5-7_2_10_4-3_1_1_5-6_0-5:262	142.000	143.000	19	10
27	Image5D_bf2985_SPOT4.tif:2-1_1_11_1-1_1_1_2-2_1:286	104.000	122.000	16	11
28	Image5D_bf2985_SPOT4.tif:4-4_3_11_3-2_1_1_4-3_0-5:286	84.000	93.000	16	11
29	Image5D_bf2985_SPOT4.tif:5-1_3_11_4-1_1_1_5-2_0-5_0:286	105.000	106.000	16	11
30	Image5D_bf2985_SPOT4.tif:5-2_2_11_4-1_1_1_5-2_0-5:286	115.000	131.000	16	11
31	Image5D_bf2985_SPOT4.tif:5-3_3_11_4-2_1_0-5_5-4_0-5:286	100.000	54.000	16	11
32	Image5D_bf2985_SPOT4.tif:5-4_3_11_4-2_1_0-5_5-3_0-5:286	151.000	96.000	16	11
33	Image5D_bf2985_SPOT4.tif:5-5_2_11_4-2_1_0-5_5-3_0-5:286	133.000	83.000	16	11
34	Image5D_bf2985_SPOT4.tif:5-7_2_11_4-3_1_1_5-6_0-5:286	150.000	144.000	16	11
35	Image5D_bf2985_SPOT4.tif:6-1_3_11_5-6_1_1_6-2_1:286	107.000	85.000	16	11
36	Image5D_bf2985_SPOT4.tif:6-2_2_11_5-6_1_1_6-1_1:286	119.000	100.000	16	11
37	Image5D_bf2985_SPOT4.tif:2-1_1_12_1-1_1_1_2-2_1:312	110.000	112.000	15	12
38	Image5D_bf2985_SPOT4.tif:4-4_3_12_3-2_1_1_4-3_0-5:312	89.000	87.000	15	12
39	Image5D_bf2985_SPOT4.tif:5-2_2_12_4-1_1_1_5-2_0-5:312	102.000	127.000	15	12
40	Image5D_bf2985_SPOT4.tif:5-4_3_12_4-2_1_0-5_5-3_0-5:312	160.000	89.000	15	12
41	Image5D_bf2985_SPOT4.tif:5-5_2_12_4-2_1_0-5_5-3_0-5:312	140.000	70.000	15	12
42	Image5D_bf2985_SPOT4.tif:6-1_3_12_5-6_1_1_6-2_1:312	100.000	66.000	15	12
43	Image5D_bf2985_SPOT4.tif:6-3_3_12_5-7_1_1_6-4_1:312	140.000	123.000	15	12
44	Image5D_bf2985_SPOT4.tif:6-4_3_12_5-7_1_1_6-3_1:312	165.000	136.000	15	12
45	Image5D_bf2985_SPOT4.tif:7-1_2_12_6-2_1_1_7-2_1:312	106.000	88.000	15	12
46	Image5D_bf2985_SPOT4.tif:7-2_3_12_6-2_1_1_7-1_1:312	126.000	92.000	15	12
47	Image5D_bf2985_SPOT4.tif:2-1_1_13_1-1_1_1_2-2_1:342	84.000	114.000	18	13
48	Image5D_bf2985_SPOT4.tif:4-4_3_13_3-2_1_1_4-3_0-5:342	60.000	90.000	18	13
49	Image5D_bf2985_SPOT4.tif:5-4_3_13_4-2_1_0-5_5-3_0-5:342	125.000	88.000	18	13
50	Image5D_bf2985_SPOT4.tif:6-1_3_13_5-6_1_1_6-2_1:342	62.000	60.000	18	13
51	Image5D_bf2985_SPOT4.tif:6-3_3_13_5-7_1_1_6-4_1:342	102.000	116.000	18	13
52	Image5D_bf2985_SPOT4.tif:6-4_3_13_5-7_1_1_6-3_1:342	132.000	140.000	18	13
53	Image5D_bf2985_SPOT4.tif:6-5_3_13_5-2_1_1_6-6_1:342	83.000	121.000	18	13
54	Image5D_bf2985_SPOT4.tif:6-6_3_13_5-2_1_1_6-5_1:342	78.000	143.000	18	13
55	Image5D_bf2985_SPOT4.tif:6-7_3_13_5-5_1_1_6-8_1:342	102.000	53.000	18	13
56	Image5D_bf2985_SPOT4.tif:6-8_3_13_5-5_1_1_6-7_1:342	100.000	68.000	18	13
57	Image5D_bf2985_SPOT4.tif:7-1_2_13_6-2_1_1_7-2_1:342	68.000	87.000	18	13
58	Image5D_bf2985_SPOT4.tif:7-2_3_13_6-2_1_1_7-1_1:342	84.000	90.000	18	13
59	Image5D_bf2985_SPOT4.tif:2-1_1_14_1-1_1_1_2-2_1:366	104.000	125.000	15	14
60	Image5D_bf2985_SPOT4.tif:4-4_3_14_3-2_1_1_4-3_0-5:366	84.000	100.000	15	14
61	Image5D_bf2985_SPOT4.tif:5-4_3_14_4-2_1_0-5_5-3_0-5:366	154.000	98.000	15	14
62	Image5D_bf2985_SPOT4.tif:6-1_3_14_5-6_1_1_6-2_1:366	83.000	66.000	15	14
63	Image5D_bf2985_SPOT4.tif:6-3_3_14_5-7_1_1_6-4_1:366	127.000	132.000	15	14
64	Image5D_bf2985_SPOT4.tif:6-4_3_14_5-7_1_1_6-3_1:366	146.000	145.000	15	14
65	Image5D_bf2985_SPOT4.tif:6-5_3_14_5-2_1_1_6-6_1:366	94.000	137.000	15	14
66	Image5D_bf2985_SPOT4.tif:6-6_3_14_5-2_1_1_6-5_1:366	93.000	166.000	15	14
67	Image5D_bf2985_SPOT4.tif:6-7_3_14_5-5_1_1_6-8_1:366	160.000	47.000	15	14
68	Image5D_bf2985_SPOT4.tif:6-8_3_14_5-5_1_1_6-7_1:366	125.000	79.000	15	14
69	Image5D_bf2985_SPOT4.tif:7-1_2_14_6-2_1_1_7-2_1:366	112.000	93.000	15	14
70	Image5D_bf2985_SPOT4.tif:7-2_3_14_6-2_1_1_7-1_1:366	172.000	187.000	15	14
71	Image5D_bf2985_SPOT4.tif:2-1_1_15_1-1_1_1_2-2_1:394	94.000	133.000	16	15
72	Image5D_bf2985_SPOT4.tif:4-4_3_15_3-2_1_1_4-3_0-5:394	70.000	108.000	16	15
73	Image5D_bf2985_SPOT4.tif:5-4_3_15_4-2_1_0-5_5-3_0-5:394	148.000	106.000	16	15
74	Image5D_bf2985_SPOT4.tif:6-1_3_15_5-6_1_1_6-2_1:394	76.000	80.000	16	15
75	Image5D_bf2985_SPOT4.tif:6-3_3_15_5-7_1_1_6-4_1:394	121.000	147.000	16	15
76	Image5D_bf2985_SPOT4.tif:6-4_3_15_5-7_1_1_6-3_1:394	152.000	160.000	16	15
77	Image5D_bf2985_SPOT4.tif:6-5_3_15_5-2_1_1_6-6_1:394	90.000	143.000	16	15
78	Image5D_bf2985_SPOT4.tif:6-6_3_15_5-2_1_1_6-5_1:394	87.000	169.000	16	15
79	Image5D_bf2985_SPOT4.tif:6-7_3_15_5-5_1_1_6-8_1:394	140.000	63.000	16	15
80	Image5D_bf2985_SPOT4.tif:6-8_3_15_5-5_1_1_6-7_1:394	113.000	91.000	16	15
81	Image5D_bf2985_SPOT4.tif:7-1_2_15_6-2_1_1_7-2_1:394	100.000	111.000	16	15
82	Image5D_bf2985_SPOT4.tif:7-2_3_15_6-2_1_1_7-1_1:394	176.000	201.000	16	15
83	Image5D_bf2985_SPOT4.tif:2-1_1_16_1-1_1_1_2-2_1:422	97.000	131.000	17	16
84	Image5D_bf2985_SPOT4.tif:4-4_3_16_3-2_1_1_4-3_0-5:422	68.000	106.000	17	16
85	Image5D_bf2985_SPOT4.tif:5-4_3_16_4-2_1_0-5_5-3_0-5:422	146.000	105.000	17	16
86	Image5D_bf2985_SPOT4.tif:6-1_3_16_5-6_1_1_6-2_1:422	76.000	75.000	17	16
87	Image5D_bf2985_SPOT4.tif:6-3_3_16_5-7_1_1_6-4_1:422	117.000	131.000	17	16
88	Image5D_bf2985_SPOT4.tif:6-4_3_16_5-7_1_1_6-3_1_0:422	168.000	180.000	17	16
89	Image5D_bf2985_SPOT4.tif:6-5_3_16_5-2_1_1_6-6_1:422	65.000	155.000	17	16
90	Image5D_bf2985_SPOT4.tif:6-6_3_16_5-2_1_1_6-5_1:422	79.000	164.000	17	16
91	Image5D_bf2985_SPOT4.tif:6-7_3_16_5-5_1_1_6-8_1:422	135.000	65.000	17	16
92	Image5D_bf2985_SPOT4.tif:6-8_3_16_5-5_1_1_6-7_1:422	114.000	82.000	17	16
93	Image5D_bf2985_SPOT4.tif:7-1_2_16_6-2_1_1_7-2_1:422	100.000	106.000	17	16
94	Image5D_bf2985_SPOT4.tif:7-2_3_16_6-2_1_1_7-1_1:422	184.000	208.000	17	16
95	Image5D_bf2985_SPOT4.tif:2-1_1_17_1-1_1_1_2-2_1:449	92.000	127.000	17	17
96	Image5D_bf2985_SPOT4.tif:4-4_3_17_3-2_1_1_4-3_0-5:449	74.000	101.000	17	17
97	Image5D_bf2985_SPOT4.tif:5-4_3_17_4-2_1_0-5_5-3_0-5:449	147.000	105.000	17	17
98	Image5D_bf2985_SPOT4.tif:6-1_3_17_5-6_1_1_6-2_1:449	78.000	76.000	17	17
99	Image5D_bf2985_SPOT4.tif:6-3_3_17_5-7_1_1_6-4_1_0:449	114.000	130.000	17	17
100	Image5D_bf2985_SPOT4.tif:6-5_3_17_5-2_1_1_6-6_1:449	66.000	153.000	17	17
101	Image5D_bf2985_SPOT4.tif:6-6_3_17_5-2_1_1_6-5_1:449	80.000	178.000	17	17
102	Image5D_bf2985_SPOT4.tif:6-7_3_17_5-5_1_1_6-8_1_0:449	136.000	63.000	17	17
103	Image5D_bf2985_SPOT4.tif:6-8_3_17_5-5_1_1_6-7_1:449	114.000	83.000	17	17
104	Image5D_bf2985_SPOT4.tif:7-2_3_17_6-2_1_1_7-1_1:449	178.000	202.000	17	17
105	Image5D_bf2985_SPOT4.tif:8-1_2_17_7-1_1_1_8-2_1:449	92.000	138.000	17	17
106	Image5D_bf2985_SPOT4.tif:8-2_3_17_7-1_1_1_8-1_1:449	113.000	124.000	17	17
107	Image5D_bf2985_SPOT4.tif:3-3_2_18_2-1_1_1_3-4_1:474	88.000	128.000	15	18
108	Image5D_bf2985_SPOT4.tif:3-4_2_18_2-1_1_1_3-3_1:474	91.000	138.000	15	18
109	Image5D_bf2985_SPOT4.tif:4-4_3_18_3-2_1_1_4-3_0-5:474	70.000	98.000	15	18
110	Image5D_bf2985_SPOT4.tif:5-4_3_18_4-2_1_0-5_5-3_0-5:476	144.000	104.000	17	18
111	Image5D_bf2985_SPOT4.tif:6-1_3_18_5-6_1_1_6-2_1:476	73.000	78.000	17	18
112	Image5D_bf2985_SPOT4.tif:6-5_3_18_5-2_1_1_6-6_1:476	59.000	156.000	17	18
113	Image5D_bf2985_SPOT4.tif:6-6_3_18_5-2_1_1_6-5_1_0:476	86.000	181.000	17	18
114	Image5D_bf2985_SPOT4.tif:6-8_3_18_5-5_1_1_6-7_1:476	109.000	88.000	17	18
115	Image5D_bf2985_SPOT4.tif:7-2_3_18_6-2_1_1_7-1_1:476	170.000	204.000	17	18
116	Image5D_bf2985_SPOT4.tif:8-1_2_18_7-1_1_1_8-2_1:476	88.000	102.000	17	18
117	Image5D_bf2985_SPOT4.tif:8-2_3_18_7-1_1_1_8-1_1:471	88.000	125.000	12	18
118	Image5D_bf2985_SPOT4.tif:3-3_2_19_2-1_1_1_3-4_1:503	97.000	124.000	17	19
119	Image5D_bf2985_SPOT4.tif:3-4_2_19_2-1_1_1_3-3_1:503	108.000	132.000	17	19
120	Image5D_bf2985_SPOT4.tif:4-4_3_19_3-2_1_1_4-3_0-5:503	76.000	95.000	17	19
121	Image5D_bf2985_SPOT4.tif:5-4_3_19_4-2_1_0-5_5-3_0-5:503	149.000	98.000	17	19
122	Image5D_bf2985_SPOT4.tif:6-1_3_19_5-6_1_1_6-2_1:503	82.000	73.000	17	19
123	Image5D_bf2985_SPOT4.tif:6-5_3_19_5-2_1_1_6-6_1:503	68.000	154.000	17	19
124	Image5D_bf2985_SPOT4.tif:6-8_3_19_5-5_1_1_6-7_1:503	116.000	79.000	17	19
125	Image5D_bf2985_SPOT4.tif:7-2_3_19_6-2_1_1_7-1_1:503	183.000	207.000	17	19
126	Image5D_bf2985_SPOT4.tif:8-2_3_19_7-1_1_1_8-1_1:498	93.000	121.000	12	19
127	Image5D_bf2985_SPOT4.tif:9-1_3_19_8-1_1_1_9-2_1:503	105.000	98.000	17	19
128	Image5D_bf2985_SPOT4.tif:9-2_3_19_8-1_1_1_9-1_1:503	67.000	125.000	17	19
129	Image5D_bf2985_SPOT4.tif:4-4_3_20_3-2_1_1_4-3_0-5_0:529	58.000	102.000	16	20
130	Image5D_bf2985_SPOT4.tif:4-5_2_20_3-3_1_1_4-6_1:528	101.000	132.000	15	20
131	Image5D_bf2985_SPOT4.tif:4-6_3_20_3-3_1_1_4-5_1:528	112.000	115.000	15	20
132	Image5D_bf2985_SPOT4.tif:4-7_2_20_3-4_1_1_4-8_1:528	96.000	139.000	15	20
133	Image5D_bf2985_SPOT4.tif:4-8_2_20_3-4_1_1_4-7_1:528	124.000	137.000	15	20
134	Image5D_bf2985_SPOT4.tif:5-4_3_20_4-2_1_0-5_5-3_0-5:528	154.000	106.000	15	20
135	Image5D_bf2985_SPOT4.tif:6-1_3_20_5-6_1_1_6-2_1:528	79.000	74.000	15	20
136	Image5D_bf2985_SPOT4.tif:6-5_3_20_5-2_1_1_6-6_1:530	70.000	160.000	17	20
137	Image5D_bf2985_SPOT4.tif:6-8_3_20_5-5_1_1_6-7_1:529	115.000	87.000	16	20
138	Image5D_bf2985_SPOT4.tif:7-2_3_20_6-2_1_1_7-1_1:529	182.000	210.000	16	20
139	Image5D_bf2985_SPOT4.tif:8-2_3_20_7-1_1_1_8-1_1:523	94.000	125.000	10	20
140	Image5D_bf2985_SPOT4.tif:9-1_3_20_8-1_1_1_9-2_1:529	98.000	95.000	16	20
141	Image5D_bf2985_SPOT4.tif:9-2_3_20_8-1_1_1_9-1_1:529	62.000	142.000	16	20
142	Image5D_bf2985_SPOT4.tif:4-6_3_21_3-3_1_1_4-5_1:556	92.000	119.000	16	21
143	Image5D_bf2985_SPOT4.tif:5-4_3_21_4-2_1_0-5_5-3_0-5:556	147.000	110.000	16	21
144	Image5D_bf2985_SPOT4.tif:5-8_3_21_4-5_1_1_5-9_1:556	90.000	130.000	16	21
145	Image5D_bf2985_SPOT4.tif:5-9_3_21_4-5_1_1_5-8_1:556	68.000	100.000	16	21
146	Image5D_bf2985_SPOT4.tif:5-10_3_21_4-7_1_1_5-11_1:556	85.000	145.000	16	21
147	Image5D_bf2985_SPOT4.tif:5-11_3_21_4-7_1_1_5-10_1:556	80.000	173.000	16	21
148	Image5D_bf2985_SPOT4.tif:5-12_3_21_4-8_1_1_5-13_1:556	118.000	138.000	16	21
149	Image5D_bf2985_SPOT4.tif:5-13_3_21_4-8_1_1_5-12_1:556	139.000	158.000	16	21
150	Image5D_bf2985_SPOT4.tif:6-1_3_21_5-6_1_1_6-2_1:556	78.000	79.000	16	21
151	Image5D_bf2985_SPOT4.tif:6-5_3_21_5-2_1_1_6-6_1:556	62.000	162.000	16	21
152	Image5D_bf2985_SPOT4.tif:6-8_3_21_5-5_1_1_6-7_1:556	116.000	91.000	16	21
153	Image5D_bf2985_SPOT4.tif:7-2_3_21_6-2_1_1_7-1_1:556	178.000	216.000	16	21
154	Image5D_bf2985_SPOT4.tif:8-2_3_21_7-1_1_1_8-1_1:551	92.000	127.000	11	21
155	Image5D_bf2985_SPOT4.tif:9-1_3_21_8-1_1_1_9-2_1:556	96.000	98.000	16	21
156	Image5D_bf2985_SPOT4.tif:9-2_3_21_8-1_1_1_9-1_1:556	57.000	140.000	16	21
157	Image5D_bf2985_SPOT4.tif:4-6_3_22_3-3_1_1_4-5_1:582	85.000	116.000	15	22
158	Image5D_bf2985_SPOT4.tif:5-4_3_22_4-2_1_0-5_5-3_0-5:582	125.000	102.000	15	22
159	Image5D_bf2985_SPOT4.tif:5-8_3_22_4-5_1_1_5-9_1:582	59.000	144.000	15	22
160	Image5D_bf2985_SPOT4.tif:5-9_3_22_4-5_1_1_5-8_1:582	33.000	102.000	15	22
161	Image5D_bf2985_SPOT4.tif:5-10_3_22_4-7_1_1_5-11_1_0:582	76.000	141.000	15	22
162	Image5D_bf2985_SPOT4.tif:5-11_3_22_4-7_1_1_5-10_1_0:582	74.000	157.000	15	22
163	Image5D_bf2985_SPOT4.tif:5-12_3_22_4-8_1_1_5-13_1_0:582	106.000	140.000	15	22
164	Image5D_bf2985_SPOT4.tif:5-13_3_22_4-8_1_1_5-12_1:582	130.000	162.000	15	22
165	Image5D_bf2985_SPOT4.tif:6-1_3_22_5-6_1_1_6-2_1:582	51.000	78.000	15	22
166	Image5D_bf2985_SPOT4.tif:6-5_3_22_5-2_1_1_6-6_1:583	38.000	143.000	16	22
167	Image5D_bf2985_SPOT4.tif:6-8_3_22_5-5_1_1_6-7_1:583	86.000	84.000	16	22
168	Image5D_bf2985_SPOT4.tif:7-2_3_22_6-2_1_1_7-1_1:583	170.000	240.000	16	22
169	Image5D_bf2985_SPOT4.tif:9-1_3_22_8-1_1_1_9-2_1:583	72.000	101.000	16	22
170	Image5D_bf2985_SPOT4.tif:9-2_3_22_8-1_1_1_9-1_1:583	46.000	158.000	16	22
171	Image5D_bf2985_SPOT4.tif:8-2_3_22_7-1_1_1_8-1_1:576	70.000	123.000	9	22
172	Image5D_bf2985_SPOT4.tif:4-6_3_23_3-3_1_1_4-5_1_0:608	177.000	129.000	14	23
173	Image5D_bf2985_SPOT4.tif:5-4_3_23_4-2_1_0-5_5-3_0-5:608	214.000	115.000	14	23
174	Image5D_bf2985_SPOT4.tif:5-8_3_23_4-5_1_1_5-9_1:608	154.000	159.000	14	23
175	Image5D_bf2985_SPOT4.tif:5-9_3_23_4-5_1_1_5-8_1:608	116.000	115.000	14	23
176	Image5D_bf2985_SPOT4.tif:5-13_3_23_4-8_1_1_5-12_1:608	213.000	171.000	14	23
177	Image5D_bf2985_SPOT4.tif:6-1_3_23_5-6_1_1_6-2_1:608	138.000	92.000	14	23
178	Image5D_bf2985_SPOT4.tif:6-5_3_23_5-2_1_1_6-6_1:608	130.000	168.000	14	23
179	Image5D_bf2985_SPOT4.tif:6-8_3_23_5-5_1_1_6-7_1:608	180.000	95.000	14	23
180	Image5D_bf2985_SPOT4.tif:7-2_3_23_6-2_1_1_7-1_1:608	245.000	218.000	14	23
181	Image5D_bf2985_SPOT4.tif:8-2_3_23_7-1_1_1_8-1_1:603	155.000	136.000	9	23
182	Image5D_bf2985_SPOT4.tif:9-1_3_23_8-1_1_1_9-2_1:608	163.000	112.000	14	23
183	Image5D_bf2985_SPOT4.tif:9-2_3_23_8-1_1_1_9-1_1:608	128.000	158.000	14	23
184	Image5D_bf2985_SPOT4.tif:5-4_3_24_4-2_1_0-5_5-3_0-5:636	209.000	104.000	15	24
185	Image5D_bf2985_SPOT4.tif:5-8_3_24_4-5_1_1_5-9_1_0:636	162.000	163.000	15	24
186	Image5D_bf2985_SPOT4.tif:5-9_3_24_4-5_1_1_5-8_1:636	120.000	106.000	15	24
187	Image5D_bf2985_SPOT4.tif:5-13_3_24_4-8_1_1_5-12_1:636	210.000	164.000	15	24
188	Image5D_bf2985_SPOT4.tif:6-1_3_24_5-6_1_1_6-2_1:636	143.000	84.000	15	24
189	Image5D_bf2985_SPOT4.tif:6-5_3_24_5-2_1_1_6-6_1:636	128.000	158.000	15	24
190	Image5D_bf2985_SPOT4.tif:6-8_3_24_5-5_1_1_6-7_1:636	174.000	89.000	15	24
191	Image5D_bf2985_SPOT4.tif:7-2_3_24_6-2_1_1_7-1_1:636	242.000	214.000	15	24
192	Image5D_bf2985_SPOT4.tif:8-2_3_24_7-1_1_1_8-1_1:631	154.000	116.000	10	24
193	Image5D_bf2985_SPOT4.tif:9-1_3_24_8-1_1_1_9-2_1:636	167.000	109.000	15	24
194	Image5D_bf2985_SPOT4.tif:9-2_3_24_8-1_1_1_9-1_1:636	122.000	146.000	15	24
195	Image5D_bf2985_SPOT4.tif:5-4_3_25_4-2_1_0-5_5-3_0-5:667	216.000	98.000	19	25
196	Image5D_bf2985_SPOT4.tif:5-9_3_25_4-5_1_1_5-8_1:667	125.000	102.000	19	25
197	Image5D_bf2985_SPOT4.tif:5-13_3_25_4-8_1_1_5-12_1:667	212.000	153.000	19	25
198	Image5D_bf2985_SPOT4.tif:6-1_3_25_5-6_1_1_6-2_1:667	149.000	74.000	19	25
199	Image5D_bf2985_SPOT4.tif:6-5_3_25_5-2_1_1_6-6_1:667	138.000	150.000	19	25
200	Image5D_bf2985_SPOT4.tif:6-8_3_25_5-5_1_1_6-7_1:667	186.000	82.000	19	25
201	Image5D_bf2985_SPOT4.tif:7-2_3_25_6-2_1_1_7-1_1:667	253.000	209.000	19	25
202	Image5D_bf2985_SPOT4.tif:8-2_3_25_7-1_1_1_8-1_1:661	166.000	119.000	13	25
203	Image5D_bf2985_SPOT4.tif:9-1_3_25_8-1_1_1_9-2_1:667	169.000	97.000	19	25
204	Image5D_bf2985_SPOT4.tif:9-2_3_25_8-1_1_1_9-1_1:667	132.000	141.000	19	25
205	Image5D_bf2985_SPOT4.tif:5-4_3_26_4-2_1_0-5_5-3_0-5:688	223.000	111.000	13	26
206	Image5D_bf2985_SPOT4.tif:5-9_3_26_4-5_1_1_5-8_1:688	130.000	110.000	13	26
207	Image5D_bf2985_SPOT4.tif:5-13_3_26_4-8_1_1_5-12_1:688	213.000	162.000	13	26
208	Image5D_bf2985_SPOT4.tif:6-1_3_26_5-6_1_1_6-2_1:688	150.000	88.000	13	26
209	Image5D_bf2985_SPOT4.tif:6-5_3_26_5-2_1_1_6-6_1_0:688	151.000	154.000	13	26
210	Image5D_bf2985_SPOT4.tif:6-8_3_26_5-5_1_1_6-7_1:688	184.000	94.000	13	26
211	Image5D_bf2985_SPOT4.tif:7-2_3_26_6-2_1_1_7-1_1:688	251.000	218.000	13	26
212	Image5D_bf2985_SPOT4.tif:8-2_3_26_7-1_1_1_8-1_1_0:688	146.000	138.000	13	26
213	Image5D_bf2985_SPOT4.tif:9-1_3_26_8-1_1_1_9-2_1:688	178.000	108.000	13	26
214	Image5D_bf2985_SPOT4.tif:9-2_3_26_8-1_1_1_9-1_1_0:688	146.000	159.000	13	26
215	Image5D_bf2985_SPOT4.tif:5-4_3_27_4-2_1_0-5_5-3_0-5:718	240.000	107.000	16	27
216	Image5D_bf2985_SPOT4.tif:5-9_3_27_4-5_1_1_5-8_1:718	146.000	110.000	16	27
217	Image5D_bf2985_SPOT4.tif:5-13_3_27_4-8_1_1_5-12_1:718	237.000	165.000	16	27
218	Image5D_bf2985_SPOT4.tif:6-1_3_27_5-6_1_1_6-2_1:718	171.000	88.000	16	27
219	Image5D_bf2985_SPOT4.tif:6-8_3_27_5-5_1_1_6-7_1:718	204.000	90.000	16	27
220	Image5D_bf2985_SPOT4.tif:7-2_3_27_6-2_1_1_7-1_1:718	271.000	219.000	16	27
221	Image5D_bf2985_SPOT4.tif:9-1_3_27_8-1_1_1_9-2_1:718	194.000	119.000	16	27
222	Image5D_bf2985_SPOT4.tif:5-4_3_28_4-2_1_0-5_5-3_0-5:743	210.000	117.000	14	28
223	Image5D_bf2985_SPOT4.tif:5-9_3_28_4-5_1_1_5-8_1:743	126.000	123.000	14	28
224	Image5D_bf2985_SPOT4.tif:5-13_3_28_4-8_1_1_5-12_1:743	217.000	173.000	14	28
225	Image5D_bf2985_SPOT4.tif:6-1_3_28_5-6_1_1_6-2_1_0:743	146.000	88.000	14	28
226	Image5D_bf2985_SPOT4.tif:6-8_3_28_5-5_1_1_6-7_1:743	187.000	105.000	14	28
227	Image5D_bf2985_SPOT4.tif:7-2_3_28_6-2_1_1_7-1_1:743	249.000	228.000	14	28
228	Image5D_bf2985_SPOT4.tif:9-1_3_28_8-1_1_1_9-2_1:743	174.000	129.000	14	28
229	Image5D_bf2985_SPOT4.tif:5-4_3_29_4-2_1_0-5_5-3_0-5:770	224.000	106.000	14	29
230	Image5D_bf2985_SPOT4.tif:5-9_3_29_4-5_1_1_5-8_1:770	136.000	111.000	14	29
231	Image5D_bf2985_SPOT4.tif:5-13_3_29_4-8_1_1_5-12_1:770	232.000	160.000	14	29
232	Image5D_bf2985_SPOT4.tif:6-8_3_29_5-5_1_1_6-7_1:770	188.000	88.000	14	29
233	Image5D_bf2985_SPOT4.tif:7-2_3_29_6-2_1_1_7-1_1:770	262.000	218.000	14	29
234	Image5D_bf2985_SPOT4.tif:9-1_3_29_8-1_1_1_9-2_1:770	186.000	116.000	14	29
235	Image5D_bf2985_SPOT4.tif:5-4_3_30_4-2_1_0-5_5-3_0-5:797	256.000	94.000	14	30
236	Image5D_bf2985_SPOT4.tif:5-9_3_30_4-5_1_1_5-8_1:797	170.000	95.000	14	30
237	Image5D_bf2985_SPOT4.tif:5-13_3_30_4-8_1_1_5-12_1:797	264.000	150.000	14	30
238	Image5D_bf2985_SPOT4.tif:6-8_3_30_5-5_1_1_6-7_1:797	228.000	72.000	14	30
239	Image5D_bf2985_SPOT4.tif:7-2_3_30_6-2_1_1_7-1_1:797	296.000	207.000	14	30
240	Image5D_bf2985_SPOT4.tif:9-1_3_30_8-1_1_1_9-2_1:797	218.000	100.000	14	30
241	Image5D_bf2985_SPOT4.tif:5-4_3_31_4-2_1_0-5_5-3_0-5:827	155.000	104.000	17	31
242	Image5D_bf2985_SPOT4.tif:5-9_3_31_4-5_1_1_5-8_1:827	58.000	109.000	17	31
243	Image5D_bf2985_SPOT4.tif:5-13_3_31_4-8_1_1_5-12_1:827	156.000	156.000	17	31
244	Image5D_bf2985_SPOT4.tif:6-8_3_31_5-5_1_1_6-7_1_0:827	114.000	76.000	17	31
245	Image5D_bf2985_SPOT4.tif:7-2_3_31_6-2_1_1_7-1_1:827	196.000	220.000	17	31
246	Image5D_bf2985_SPOT4.tif:9-1_3_31_8-1_1_1_9-2_1:827	115.000	110.000	17	31
247	Image5D_bf2985_SPOT4.tif:5-4_3_32_4-2_1_0-5_5-3_0-5:855	144.000	102.000	18	32
248	Image5D_bf2985_SPOT4.tif:5-9_3_32_4-5_1_1_5-8_1:855	57.000	104.000	18	32
249	Image5D_bf2985_SPOT4.tif:5-13_3_32_4-8_1_1_5-12_1:855	146.000	154.000	18	32
250	Image5D_bf2985_SPOT4.tif:7-2_3_32_6-2_1_1_7-1_1:855	183.000	209.000	18	32
251	Image5D_bf2985_SPOT4.tif:9-1_3_32_8-1_1_1_9-2_1:855	106.000	99.000	18	32
252	Image5D_bf2985_SPOT4.tif:5-4_3_33_4-2_1_0-5_5-3_0-5:881	132.000	88.000	17	33
253	Image5D_bf2985_SPOT4.tif:5-9_3_33_4-5_1_1_5-8_1:881	44.000	89.000	17	33
254	Image5D_bf2985_SPOT4.tif:5-13_3_33_4-8_1_1_5-12_1:881	139.000	144.000	17	33
255	Image5D_bf2985_SPOT4.tif:7-2_3_33_6-2_1_1_7-1_1:881	174.000	204.000	17	33
256	Image5D_bf2985_SPOT4.tif:9-1_3_33_8-1_1_1_9-2_1:881	98.000	103.000	17	33
257	Image5D_bf2985_SPOT4.tif:5-4_3_34_4-2_1_0-5_5-3_0-5:908	145.000	90.000	17	34
258	Image5D_bf2985_SPOT4.tif:5-9_3_34_4-5_1_1_5-8_1:908	53.000	98.000	17	34
259	Image5D_bf2985_SPOT4.tif:5-13_3_34_4-8_1_1_5-12_1:908	150.000	152.000	17	34
260	Image5D_bf2985_SPOT4.tif:7-2_3_34_6-2_1_1_7-1_1:908	181.000	210.000	17	34
261	Image5D_bf2985_SPOT4.tif:9-1_3_34_8-1_1_1_9-2_1:908	112.000	108.000	17	34
262	Image5D_bf2985_SPOT4.tif:5-4_3_35_4-2_1_0-5_5-3_0-5:933	149.000	104.000	15	35
263	Image5D_bf2985_SPOT4.tif:5-9_3_35_4-5_1_1_5-8_1:933	59.000	108.000	15	35
264	Image5D_bf2985_SPOT4.tif:5-13_3_35_4-8_1_1_5-12_1:933	151.000	153.000	15	35
265	Image5D_bf2985_SPOT4.tif:7-2_3_35_6-2_1_1_7-1_1:933	187.000	218.000	15	35
266	Image5D_bf2985_SPOT4.tif:9-1_3_35_8-1_1_1_9-2_1:933	117.000	121.000	15	35
267	Image5D_bf2985_SPOT4.tif:5-4_3_36_4-2_1_0-5_5-3_0-5:963	144.000	98.000	18	36
268	Image5D_bf2985_SPOT4.tif:5-9_3_36_4-5_1_1_5-8_1:963	58.000	98.000	18	36
269	Image5D_bf2985_SPOT4.tif:5-13_3_36_4-8_1_1_5-12_1:963	140.000	150.000	18	36
270	Image5D_bf2985_SPOT4.tif:7-2_3_36_6-2_1_1_7-1_1:963	182.000	215.000	18	36
271	Image5D_bf2985_SPOT4.tif:9-1_3_36_8-1_1_1_9-2_1_0:963	96.000	83.000	18	36
272	Image5D_bf2985_SPOT4.tif:5-4_3_37_4-2_1_0-5_5-3_0-5:988	147.000	98.000	16	37
273	Image5D_bf2985_SPOT4.tif:5-9_3_37_4-5_1_1_5-8_1:988	65.000	103.000	16	37
274	Image5D_bf2985_SPOT4.tif:5-13_3_37_4-8_1_1_5-12_1:988	151.000	156.000	16	37
275	Image5D_bf2985_SPOT4.tif:7-2_3_37_6-2_1_1_7-1_1:988	189.000	218.000	16	37
276	Image5D_bf2985_SPOT4.tif:5-4_3_38_4-2_1_0-5_5-3_0-5:1017	150.000	96.000	18	38
277	Image5D_bf2985_SPOT4.tif:5-9_3_38_4-5_1_1_5-8_1:1017	63.000	102.000	18	38
278	Image5D_bf2985_SPOT4.tif:5-13_3_38_4-8_1_1_5-12_1:1017	151.000	158.000	18	38
279	Image5D_bf2985_SPOT4.tif:7-2_3_38_6-2_1_1_7-1_1:1017	192.000	218.000	18	38
280	Image5D_bf2985_SPOT4.tif:5-4_3_39_4-2_1_0-5_5-3_0-5:1044	145.000	100.000	18	39
281	Image5D_bf2985_SPOT4.tif:5-9_3_39_4-5_1_1_5-8_1:1044	60.000	104.000	18	39
282	Image5D_bf2985_SPOT4.tif:5-13_3_39_4-8_1_1_5-12_1:1044	150.000	153.000	18	39
283	Image5D_bf2985_SPOT4.tif:7-2_3_39_6-2_1_1_7-1_1:1044	184.000	218.000	18	39
284	Image5D_bf2985_SPOT4.tif:5-4_3_40_4-2_1_0-5_5-3_0-5:1070	153.000	103.000	17	40
285	Image5D_bf2985_SPOT4.tif:5-9_3_40_4-5_1_1_5-8_1:1070	66.000	104.000	17	40
286	Image5D_bf2985_SPOT4.tif:5-13_3_40_4-8_1_1_5-12_1:1070	150.000	154.000	17	40
287	Image5D_bf2985_SPOT4.tif:7-2_3_40_6-2_1_1_7-1_1:1070	188.000	212.000	17	40
288	Image5D_bf2985_SPOT4.tif:5-4_3_41_4-2_1_0-5_5-3_0-5:1097	142.000	104.000	17	41
289	Image5D_bf2985_SPOT4.tif:5-9_3_41_4-5_1_1_5-8_1:1097	50.000	108.000	17	41
290	Image5D_bf2985_SPOT4.tif:5-13_3_41_4-8_1_1_5-12_1:1097	139.000	160.000	17	41
291	Image5D_bf2985_SPOT4.tif:7-2_3_41_6-2_1_1_7-1_1:1097	184.000	216.000	17	41
292	Image5D_bf2985_SPOT4.tif:5-4_3_42_4-2_1_0-5_5-3_0-5:1124	148.000	94.000	17	42
293	Image5D_bf2985_SPOT4.tif:5-9_3_42_4-5_1_1_5-8_1:1124	64.000	96.000	17	42
294	Image5D_bf2985_SPOT4.tif:5-13_3_42_4-8_1_1_5-12_1:1124	150.000	156.000	17	42
295	Image5D_bf2985_SPOT4.tif:7-2_3_42_6-2_1_1_7-1_1:1124	192.000	213.000	17	42
296	Image5D_bf2985_SPOT4.tif:5-4_3_43_4-2_1_0-5_5-3_0-5:1151	151.000	90.000	17	43
297	Image5D_bf2985_SPOT4.tif:5-9_3_43_4-5_1_1_5-8_1:1151	58.000	90.000	17	43
298	Image5D_bf2985_SPOT4.tif:5-13_3_43_4-8_1_1_5-12_1:1151	144.000	148.000	17	43
299	Image5D_bf2985_SPOT4.tif:7-2_3_43_6-2_1_1_7-1_1:1151	185.000	203.000	17	43
300	Image5D_bf2985_SPOT4.tif:5-4_3_44_4-2_1_0-5_5-3_0-5:1178	152.000	94.000	17	44
301	Image5D_bf2985_SPOT4.tif:5-9_3_44_4-5_1_1_5-8_1:1178	62.000	101.000	17	44
302	Image5D_bf2985_SPOT4.tif:5-13_3_44_4-8_1_1_5-12_1:1178	146.000	154.000	17	44
303	Image5D_bf2985_SPOT4.tif:7-2_3_44_6-2_1_1_7-1_1:1178	184.000	216.000	17	44
304	Image5D_bf2985_SPOT4.tif:5-4_3_45_4-2_1_0-5_5-3_0-5:1205	156.000	100.000	17	45
305	Image5D_bf2985_SPOT4.tif:5-9_3_45_4-5_1_1_5-8_1:1205	68.000	104.000	17	45
306	Image5D_bf2985_SPOT4.tif:5-13_3_45_4-8_1_1_5-12_1:1205	155.000	161.000	17	45
307	Image5D_bf2985_SPOT4.tif:7-2_3_45_6-2_1_1_7-1_1:1205	193.000	218.000	17	45
308	Image5D_bf2985_SPOT4.tif:5-4_3_46_4-2_1_0-5_5-3_0-5:1232	154.000	93.000	17	46
309	Image5D_bf2985_SPOT4.tif:5-9_3_46_4-5_1_1_5-8_1:1232	70.000	93.000	17	46
310	Image5D_bf2985_SPOT4.tif:5-13_3_46_4-8_1_1_5-12_1:1232	152.000	149.000	17	46
311	Image5D_bf2985_SPOT4.tif:7-2_3_46_6-2_1_1_7-1_1:1232	190.000	202.000	17	46
312	Image5D_bf2985_SPOT4.tif:5-4_3_47_4-2_1_0-5_5-3_0-5:1259	149.000	96.000	17	47
313	Image5D_bf2985_SPOT4.tif:5-9_3_47_4-5_1_1_5-8_1:1259	66.000	102.000	17	47
314	Image5D_bf2985_SPOT4.tif:5-13_3_47_4-8_1_1_5-12_1:1259	155.000	156.000	17	47
315	Image5D_bf2985_SPOT4.tif:7-2_3_47_6-2_1_1_7-1_1:1259	190.000	210.000	17	47
316	Image5D_bf2985_SPOT4.tif:5-4_3_48_4-2_1_0-5_5-3_0-5:1283	153.000	101.000	14	48
317	Image5D_bf2985_SPOT4.tif:5-9_3_48_4-5_1_1_5-8_1:1283	62.000	99.000	14	48
318	Image5D_bf2985_SPOT4.tif:5-13_3_48_4-8_1_1_5-12_1:1283	149.000	156.000	14	48
319	Image5D_bf2985_SPOT4.tif:7-2_3_48_6-2_1_1_7-1_1:1283	196.000	212.000	14	48
320	Image5D_bf2985_SPOT4.tif:5-4_3_49_4-2_1_0-5_5-3_0-5:1310	151.000	100.000	14	49
321	Image5D_bf2985_SPOT4.tif:5-9_3_49_4-5_1_1_5-8_1:1310	64.000	104.000	14	49
322	Image5D_bf2985_SPOT4.tif:5-13_3_49_4-8_1_1_5-12_1:1310	146.000	152.000	14	49
323	Image5D_bf2985_SPOT4.tif:7-2_3_49_6-2_1_1_7-1_1:1310	187.000	208.000	14	49
324	Image5D_bf2985_SPOT4.tif:5-4_3_50_4-2_1_0-5_5-3_0-5:1338	159.000	100.000	15	50
325	Image5D_bf2985_SPOT4.tif:5-9_3_50_4-5_1_1_5-8_1:1338	69.000	98.000	15	50
326	Image5D_bf2985_SPOT4.tif:5-13_3_50_4-8_1_1_5-12_1:1338	156.000	150.000	15	50
327	Image5D_bf2985_SPOT4.tif:7-2_3_50_6-2_1_1_7-1_1:1338	204.000	206.000	15	50
328	Image5D_bf2985_SPOT4.tif:5-4_3_51_4-2_1_0-5_5-3_0-5:1365	160.000	104.000	15	51
329	Image5D_bf2985_SPOT4.tif:5-9_3_51_4-5_1_1_5-8_1:1365	68.000	97.000	15	51
330	Image5D_bf2985_SPOT4.tif:5-13_3_51_4-8_1_1_5-12_1:1365	154.000	154.000	15	51
331	Image5D_bf2985_SPOT4.tif:7-2_3_51_6-2_1_1_7-1_1:1365	199.000	217.000	15	51
332	Image5D_bf2985_SPOT4.tif:5-4_3_52_4-2_1_0-5_5-3_0-5:1392	152.000	104.000	15	52
333	Image5D_bf2985_SPOT4.tif:5-9_3_52_4-5_1_1_5-8_1:1392	64.000	103.000	15	52
334	Image5D_bf2985_SPOT4.tif:5-13_3_52_4-8_1_1_5-12_1:1392	156.000	163.000	15	52
335	Image5D_bf2985_SPOT4.tif:7-2_3_52_6-2_1_1_7-1_1:1392	195.000	217.000	15	52
336	Image5D_bf2985_SPOT4.tif:5-4_3_53_4-2_1_0-5_5-3_0-5:1420	153.000	100.000	16	53
337	Image5D_bf2985_SPOT4.tif:5-9_3_53_4-5_1_1_5-8_1:1420	69.000	100.000	16	53
338	Image5D_bf2985_SPOT4.tif:5-13_3_53_4-8_1_1_5-12_1:1420	152.000	163.000	16	53
339	Image5D_bf2985_SPOT4.tif:7-2_3_53_6-2_1_1_7-1_1:1420	196.000	217.000	16	53
340	Image5D_bf2985_SPOT4.tif:5-4_3_54_4-2_1_0-5_5-3_0-5:1447	156.000	96.000	16	54
341	Image5D_bf2985_SPOT4.tif:5-9_3_54_4-5_1_1_5-8_1:1447	65.000	91.000	16	54
342	Image5D_bf2985_SPOT4.tif:5-13_3_54_4-8_1_1_5-12_1:1447	156.000	148.000	16	54
343	Image5D_bf2985_SPOT4.tif:7-2_3_54_6-2_1_1_7-1_1:1447	196.000	206.000	16	54
344	Image5D_bf2985_SPOT4.tif:5-4_3_55_4-2_1_0-5_5-3_0-5:1474	154.000	105.000	16	55
345	Image5D_bf2985_SPOT4.tif:5-9_3_55_4-5_1_1_5-8_1:1474	78.000	103.000	16	55
346	Image5D_bf2985_SPOT4.tif:5-13_3_55_4-8_1_1_5-12_1:1474	157.000	160.000	16	55
347	Image5D_bf2985_SPOT4.tif:7-2_3_55_6-2_1_1_7-1_1:1474	201.000	225.000	16	55
348	Image5D_bf2985_SPOT4.tif:5-4_3_56_4-2_1_0-5_5-3_0-5:1501	156.000	101.000	16	56
349	Image5D_bf2985_SPOT4.tif:5-9_3_56_4-5_1_1_5-8_1:1501	69.000	104.000	16	56
350	Image5D_bf2985_SPOT4.tif:5-13_3_56_4-8_1_1_5-12_1:1501	154.000	159.000	16	56
351	Image5D_bf2985_SPOT4.tif:7-2_3_56_6-2_1_1_7-1_1:1501	190.000	217.000	16	56
352	Image5D_bf2985_SPOT4.tif:5-4_3_57_4-2_1_0-5_5-3_0-5:1528	165.000	108.000	16	57
353	Image5D_bf2985_SPOT4.tif:5-9_3_57_4-5_1_1_5-8_1:1528	69.000	108.000	16	57
354	Image5D_bf2985_SPOT4.tif:5-13_3_57_4-8_1_1_5-12_1:1528	157.000	162.000	16	57
355	Image5D_bf2985_SPOT4.tif:7-2_3_57_6-2_1_1_7-1_1:1528	198.000	227.000	16	57
356	Image5D_bf2985_SPOT4.tif:5-4_3_58_4-2_1_0-5_5-3_0-5:1556	166.000	98.000	17	58
357	Image5D_bf2985_SPOT4.tif:5-9_3_58_4-5_1_1_5-8_1:1556	79.000	95.000	17	58
358	Image5D_bf2985_SPOT4.tif:5-13_3_58_4-8_1_1_5-12_1:1556	166.000	158.000	17	58
359	Image5D_bf2985_SPOT4.tif:7-2_3_58_6-2_1_1_7-1_1:1556	200.000	216.000	17	58
360	Image5D_bf2985_SPOT4.tif:5-4_3_59_4-2_1_0-5_5-3_0-5:1581	170.000	100.000	15	59
361	Image5D_bf2985_SPOT4.tif:5-9_3_59_4-5_1_1_5-8_1:1581	80.000	102.000	15	59
362	Image5D_bf2985_SPOT4.tif:5-13_3_59_4-8_1_1_5-12_1:1581	168.000	156.000	15	59
363	Image5D_bf2985_SPOT4.tif:7-2_3_59_6-2_1_1_7-1_1:1581	198.000	213.000	15	59
364	Image5D_bf2985_SPOT4.tif:5-4_3_60_4-2_1_0-5_5-3_0-5:1609	162.000	98.000	16	60
365	Image5D_bf2985_SPOT4.tif:5-9_3_60_4-5_1_1_5-8_1:1609	71.000	90.000	16	60
366	Image5D_bf2985_SPOT4.tif:5-13_3_60_4-8_1_1_5-12_1:1609	151.000	148.000	16	60
367	Image5D_bf2985_SPOT4.tif:7-2_3_60_6-2_1_1_7-1_1:1609	195.000	224.000	16	60
368	Image5D_bf2985_SPOT4.tif:5-4_3_61_4-2_1_0-5_5-3_0-5:1636	164.000	91.000	16	61
369	Image5D_bf2985_SPOT4.tif:5-9_3_61_4-5_1_1_5-8_1:1636	86.000	89.000	16	61
370	Image5D_bf2985_SPOT4.tif:5-13_3_61_4-8_1_1_5-12_1:1636	163.000	146.000	16	61
371	Image5D_bf2985_SPOT4.tif:7-2_3_61_6-2_1_1_7-1_1:1636	195.000	206.000	16	61
372	Image5D_bf2985_SPOT4.tif:5-4_3_62_4-2_1_0-5_5-3_0-5:1663	168.000	90.000	16	62
373	Image5D_bf2985_SPOT4.tif:5-9_3_62_4-5_1_1_5-8_1:1663	78.000	88.000	16	62
374	Image5D_bf2985_SPOT4.tif:5-13_3_62_4-8_1_1_5-12_1:1663	164.000	148.000	16	62
375	Image5D_bf2985_SPOT4.tif:7-2_3_62_6-2_1_1_7-1_1:1663	196.000	214.000	16	62
376	Image5D_bf2985_SPOT4.tif:5-4_3_63_4-2_1_0-5_5-3_0-5:1690	170.000	97.000	16	63
377	Image5D_bf2985_SPOT4.tif:5-9_3_63_4-5_1_1_5-8_1:1690	89.000	86.000	16	63
378	Image5D_bf2985_SPOT4.tif:5-13_3_63_4-8_1_1_5-12_1:1690	162.000	150.000	16	63
379	Image5D_bf2985_SPOT4.tif:7-2_3_63_6-2_1_1_7-1_1:1690	202.000	209.000	16	63
380	Image5D_bf2985_SPOT4.tif:5-4_3_64_4-2_1_0-5_5-3_0-5:1717	170.000	95.000	16	64
381	Image5D_bf2985_SPOT4.tif:5-9_3_64_4-5_1_1_5-8_1:1717	86.000	90.000	16	64
382	Image5D_bf2985_SPOT4.tif:5-13_3_64_4-8_1_1_5-12_1:1717	169.000	150.000	16	64
383	Image5D_bf2985_SPOT4.tif:7-2_3_64_6-2_1_1_7-1_1:1717	206.000	216.000	16	64
384	Image5D_bf2985_SPOT4.tif:5-4_3_65_4-2_1_0-5_5-3_0-5:1746	173.000	90.000	18	65
385	Image5D_bf2985_SPOT4.tif:5-9_3_65_4-5_1_1_5-8_1:1746	82.000	88.000	18	65
386	Image5D_bf2985_SPOT4.tif:5-13_3_65_4-8_1_1_5-12_1:1746	164.000	147.000	18	65
387	Image5D_bf2985_SPOT4.tif:7-2_3_65_6-2_1_1_7-1_1:1746	198.000	218.000	18	65
388	Image5D_bf2985_SPOT4.tif:5-4_3_66_4-2_1_0-5_5-3_0-5:1770	183.000	88.000	15	66
389	Image5D_bf2985_SPOT4.tif:5-9_3_66_4-5_1_1_5-8_1:1770	97.000	82.000	15	66
390	Image5D_bf2985_SPOT4.tif:5-13_3_66_4-8_1_1_5-12_1:1770	178.000	146.000	15	66
391	Image5D_bf2985_SPOT4.tif:7-2_3_66_6-2_1_1_7-1_1:1770	215.000	209.000	15	66
392	Image5D_bf2985_SPOT4.tif:5-4_3_67_4-2_1_0-5_5-3_0-5:1797	196.000	82.000	15	67
393	Image5D_bf2985_SPOT4.tif:5-9_3_67_4-5_1_1_5-8_1:1797	106.000	75.000	15	67
394	Image5D_bf2985_SPOT4.tif:5-13_3_67_4-8_1_1_5-12_1:1797	177.000	139.000	15	67
395	Image5D_bf2985_SPOT4.tif:7-2_3_67_6-2_1_1_7-1_1:1797	212.000	209.000	15	67
396	Image5D_bf2985_SPOT4.tif:5-4_3_68_4-2_1_0-5_5-3_0-5:1824	183.000	90.000	15	68
397	Image5D_bf2985_SPOT4.tif:5-9_3_68_4-5_1_1_5-8_1:1824	98.000	87.000	15	68
398	Image5D_bf2985_SPOT4.tif:5-13_3_68_4-8_1_1_5-12_1:1824	174.000	146.000	15	68
399	Image5D_bf2985_SPOT4.tif:7-2_3_68_6-2_1_1_7-1_1:1824	212.000	222.000	15	68
400	Image5D_bf2985_SPOT4.tif:5-4_3_69_4-2_1_0-5_5-3_0-5:1851	186.000	90.000	15	69
401	Image5D_bf2985_SPOT4.tif:5-9_3_69_4-5_1_1_5-8_1:1851	100.000	77.000	15	69
402	Image5D_bf2985_SPOT4.tif:5-13_3_69_4-8_1_1_5-12_1:1851	167.000	142.000	15	69
403	Image5D_bf2985_SPOT4.tif:7-2_3_69_6-2_1_1_7-1_1:1851	214.000	203.000	15	69
404	Image5D_bf2985_SPOT4.tif:5-4_3_70_4-2_1_0-5_5-3_0-5:1879	197.000	83.000	16	70
405	Image5D_bf2985_SPOT4.tif:5-9_3_70_4-5_1_1_5-8_1:1879	107.000	77.000	16	70
406	Image5D_bf2985_SPOT4.tif:5-13_3_70_4-8_1_1_5-12_1:1879	187.000	139.000	16	70
407	Image5D_bf2985_SPOT4.tif:7-2_3_70_6-2_1_1_7-1_1:1879	226.000	204.000	16	70
408	Image5D_bf2985_SPOT4.tif:5-4_3_71_4-2_1_0-5_5-3_0-5:1906	204.000	84.000	16	71
409	Image5D_bf2985_SPOT4.tif:5-9_3_71_4-5_1_1_5-8_1:1906	107.000	72.000	16	71
410	Image5D_bf2985_SPOT4.tif:5-13_3_71_4-8_1_1_5-12_1:1906	184.000	134.000	16	71
411	Image5D_bf2985_SPOT4.tif:7-2_3_71_6-2_1_1_7-1_1:1906	222.000	202.000	16	71
412	Image5D_bf2985_SPOT4.tif:5-4_3_72_4-2_1_0-5_5-3_0-5:1933	202.000	72.000	16	72
413	Image5D_bf2985_SPOT4.tif:5-9_3_72_4-5_1_1_5-8_1:1933	122.000	63.000	16	72
414	Image5D_bf2985_SPOT4.tif:5-13_3_72_4-8_1_1_5-12_1:1933	187.000	130.000	16	72
415	Image5D_bf2985_SPOT4.tif:7-2_3_72_6-2_1_1_7-1_1:1933	231.000	205.000	16	72
416	Image5D_bf2985_SPOT4.tif:5-4_3_73_4-2_1_0-5_5-3_0-5:1960	216.000	78.000	16	73
417	Image5D_bf2985_SPOT4.tif:5-9_3_73_4-5_1_1_5-8_1:1960	132.000	76.000	16	73
418	Image5D_bf2985_SPOT4.tif:5-13_3_73_4-8_1_1_5-12_1:1960	204.000	136.000	16	73
419	Image5D_bf2985_SPOT4.tif:7-2_3_73_6-2_1_1_7-1_1:1960	242.000	213.000	16	73
420	Image5D_bf2985_SPOT4.tif:5-4_3_74_4-2_1_0-5_5-3_0-5:1987	209.000	88.000	16	74
421	Image5D_bf2985_SPOT4.tif:5-9_3_74_4-5_1_1_5-8_1:1987	119.000	80.000	16	74
422	Image5D_bf2985_SPOT4.tif:5-13_3_74_4-8_1_1_5-12_1:1987	192.000	142.000	16	74
423	Image5D_bf2985_SPOT4.tif:7-2_3_74_6-2_1_1_7-1_1:1987	231.000	207.000	16	74
