 	Label	X	Y	Slice	Frame
1	Image5D_bf2983_SPOT2.tif:1-1_1_0_NA_0_1_NA_1:14	106.000	165.333	14	1
2	Image5D_bf2983_SPOT2.tif:2-1_1_1_1-1_1_0-5_2-2_0-5:14	140.667	164.000	14	1
3	Image5D_bf2983_SPOT2.tif:2-2_2_1_1-1_1_0-5_2-1_0-5:14	147.333	156.000	14	1
4	Image5D_bf2983_SPOT2.tif:2-1_1_2_1-1_1_0-5_2-2_0-5:39	144.000	168.000	14	2
5	Image5D_bf2983_SPOT2.tif:2-2_2_2_1-1_1_0-5_2-1_0-5:39	151.333	156.667	14	2
6	Image5D_bf2983_SPOT2.tif:2-2_2_3_1-1_1_0-5_2-1_0-5:64	152.667	157.333	14	3
7	Image5D_bf2983_SPOT2.tif:3-1_1_3_2-1_1_1_3-2_1:64	138.667	158.667	14	3
8	Image5D_bf2983_SPOT2.tif:3-2_2_3_2-1_1_1_3-1_1:64	154.000	168.000	14	3
9	Image5D_bf2983_SPOT2.tif:2-2_2_4_1-1_1_0-5_2-1_0-5:89	134.000	124.000	14	4
10	Image5D_bf2983_SPOT2.tif:3-1_1_4_2-1_1_1_3-2_1:89	119.333	127.333	14	4
11	Image5D_bf2983_SPOT2.tif:3-2_2_4_2-1_1_1_3-1_1:89	141.333	142.000	14	4
12	Image5D_bf2983_SPOT2.tif:3-1_1_5_2-1_1_1_3-2_1:115	114.667	122.000	15	5
13	Image5D_bf2983_SPOT2.tif:3-3_3_5_2-2_1_0-5_3-4_0-5:115	132.667	118.000	15	5
14	Image5D_bf2983_SPOT2.tif:3-4_2_5_2-2_1_0-5_3-3_0-5:115	128.667	100.667	15	5
15	Image5D_bf2983_SPOT2.tif:3-5_2_5_2-2_1_0-5_3-3_0-5:115	96.000	144.000	15	5
16	Image5D_bf2983_SPOT2.tif:4-1_2_5_3-2_1_1_4-2_1:115	130.667	133.333	15	5
17	Image5D_bf2983_SPOT2.tif:4-2_3_5_3-2_1_1_4-1_1:115	154.000	133.333	15	5
18	Image5D_bf2983_SPOT2.tif:3-1_1_6_2-1_1_1_3-2_1:140	120.667	118.667	15	6
19	Image5D_bf2983_SPOT2.tif:3-3_3_6_2-2_1_0-5_3-4_0-5:140	137.333	116.000	15	6
20	Image5D_bf2983_SPOT2.tif:3-5_2_6_2-2_1_0-5_3-3_0-5:140	104.667	142.000	15	6
21	Image5D_bf2983_SPOT2.tif:4-1_2_6_3-2_1_1_4-2_1:140	139.333	132.000	15	6
22	Image5D_bf2983_SPOT2.tif:4-2_3_6_3-2_1_1_4-1_1:140	210.667	148.000	15	6
23	Image5D_bf2983_SPOT2.tif:4-3_3_6_3-4_1_1_4-4_1:140	129.333	102.000	15	6
24	Image5D_bf2983_SPOT2.tif:4-4_3_6_3-4_1_1_4-3_1:140	105.333	90.000	15	6
25	Image5D_bf2983_SPOT2.tif:3-1_1_7_2-1_1_1_3-2_1:165	119.333	117.333	15	7
26	Image5D_bf2983_SPOT2.tif:3-3_3_7_2-2_1_0-5_3-4_0-5:165	143.333	126.667	15	7
27	Image5D_bf2983_SPOT2.tif:3-5_2_7_2-2_1_0-5_3-3_0-5:165	98.667	154.667	15	7
28	Image5D_bf2983_SPOT2.tif:4-2_3_7_3-2_1_1_4-1_1:165	208.667	150.667	15	7
29	Image5D_bf2983_SPOT2.tif:4-3_3_7_3-4_1_1_4-4_1:165	122.000	106.000	15	7
30	Image5D_bf2983_SPOT2.tif:4-4_3_7_3-4_1_1_4-3_1:165	79.333	90.000	15	7
31	Image5D_bf2983_SPOT2.tif:5-1_3_7_4-1_1_1_5-2_1:165	164.000	132.000	15	7
32	Image5D_bf2983_SPOT2.tif:5-2_3_7_4-1_1_1_5-1_1:165	103.333	132.000	15	7
33	Image5D_bf2983_SPOT2.tif:3-1_1_8_2-1_1_1_3-2_1:189	142.000	125.333	14	8
34	Image5D_bf2983_SPOT2.tif:3-3_3_8_2-2_1_0-5_3-4_0-5:189	132.000	80.000	14	8
35	Image5D_bf2983_SPOT2.tif:4-2_3_8_3-2_1_1_4-1_1_0:189	224.667	146.000	14	8
36	Image5D_bf2983_SPOT2.tif:4-3_3_8_3-4_1_1_4-4_1:189	106.667	83.333	14	8
37	Image5D_bf2983_SPOT2.tif:4-4_3_8_3-4_1_1_4-3_1:189	88.000	85.333	14	8
38	Image5D_bf2983_SPOT2.tif:4-5_3_8_3-5_1_1_4-6_1:189	124.000	140.000	14	8
39	Image5D_bf2983_SPOT2.tif:4-6_3_8_3-5_1_1_4-5_1:189	55.333	149.333	14	8
40	Image5D_bf2983_SPOT2.tif:5-1_3_8_4-1_1_1_5-2_1:189	169.333	133.333	14	8
41	Image5D_bf2983_SPOT2.tif:5-2_3_8_4-1_1_1_5-1_1:189	87.333	127.333	14	8
42	Image5D_bf2983_SPOT2.tif:3-1_1_9_2-1_1_1_3-2_1:215	142.667	123.333	15	9
43	Image5D_bf2983_SPOT2.tif:3-3_3_9_2-2_1_0-5_3-4_0-5_0:215	135.333	75.333	15	9
44	Image5D_bf2983_SPOT2.tif:4-3_3_9_3-4_1_1_4-4_1:215	106.667	78.667	15	9
45	Image5D_bf2983_SPOT2.tif:4-4_3_9_3-4_1_1_4-3_1:215	86.667	84.000	15	9
46	Image5D_bf2983_SPOT2.tif:4-5_3_9_3-5_1_1_4-6_1:215	121.333	144.000	15	9
47	Image5D_bf2983_SPOT2.tif:4-6_3_9_3-5_1_1_4-5_1:215	73.333	154.667	15	9
48	Image5D_bf2983_SPOT2.tif:5-1_3_9_4-1_1_1_5-2_1:215	177.333	128.667	15	9
49	Image5D_bf2983_SPOT2.tif:5-2_3_9_4-1_1_1_5-1_1:215	90.000	124.667	15	9
50	Image5D_bf2983_SPOT2.tif:3-1_1_10_2-1_1_1_3-2_1:240	144.000	121.333	15	10
51	Image5D_bf2983_SPOT2.tif:4-3_3_10_3-4_1_1_4-4_1:240	104.000	66.667	15	10
52	Image5D_bf2983_SPOT2.tif:4-4_3_10_3-4_1_1_4-3_1:240	87.333	78.000	15	10
53	Image5D_bf2983_SPOT2.tif:4-5_3_10_3-5_1_1_4-6_1:240	117.333	140.000	15	10
54	Image5D_bf2983_SPOT2.tif:4-6_3_10_3-5_1_1_4-5_1_0:240	62.667	137.333	15	10
55	Image5D_bf2983_SPOT2.tif:5-1_3_10_4-1_1_1_5-2_1:240	190.667	128.000	15	10
56	Image5D_bf2983_SPOT2.tif:5-2_3_10_4-1_1_1_5-1_1:240	91.333	122.000	15	10
57	Image5D_bf2983_SPOT2.tif:3-1_1_11_2-1_1_1_3-2_1:265	136.667	116.000	15	11
58	Image5D_bf2983_SPOT2.tif:4-3_3_11_3-4_1_1_4-4_1:265	95.333	61.333	15	11
59	Image5D_bf2983_SPOT2.tif:4-4_3_11_3-4_1_1_4-3_1:265	85.333	82.667	15	11
60	Image5D_bf2983_SPOT2.tif:4-5_3_11_3-5_1_1_4-6_1:265	114.667	139.333	15	11
61	Image5D_bf2983_SPOT2.tif:5-1_3_11_4-1_1_1_5-2_1:265	164.000	125.333	15	11
62	Image5D_bf2983_SPOT2.tif:5-2_3_11_4-1_1_1_5-1_1:265	86.667	120.000	15	11
63	Image5D_bf2983_SPOT2.tif:3-1_1_12_2-1_1_1_3-2_1:289	144.000	124.000	14	12
64	Image5D_bf2983_SPOT2.tif:4-3_3_12_3-4_1_1_4-4_1:289	99.333	58.000	14	12
65	Image5D_bf2983_SPOT2.tif:4-4_3_12_3-4_1_1_4-3_1:289	88.667	78.000	14	12
66	Image5D_bf2983_SPOT2.tif:4-5_3_12_3-5_1_1_4-6_1:289	117.333	148.667	14	12
67	Image5D_bf2983_SPOT2.tif:5-1_3_12_4-1_1_1_5-2_1_0:289	180.667	117.333	14	12
68	Image5D_bf2983_SPOT2.tif:5-2_3_12_4-1_1_1_5-1_1:289	98.667	124.000	14	12
69	Image5D_bf2983_SPOT2.tif:3-1_1_13_2-1_1_1_3-2_1:314	138.000	126.667	14	13
70	Image5D_bf2983_SPOT2.tif:4-3_3_13_3-4_1_1_4-4_1:314	93.333	66.667	14	13
71	Image5D_bf2983_SPOT2.tif:4-4_3_13_3-4_1_1_4-3_1:314	84.667	86.000	14	13
72	Image5D_bf2983_SPOT2.tif:4-5_3_13_3-5_1_1_4-6_1:314	115.333	148.667	14	13
73	Image5D_bf2983_SPOT2.tif:5-2_3_13_4-1_1_1_5-1_1:314	83.333	129.333	14	13
74	Image5D_bf2983_SPOT2.tif:3-1_1_14_2-1_1_1_3-2_1:339	138.000	133.333	14	14
75	Image5D_bf2983_SPOT2.tif:4-3_3_14_3-4_1_1_4-4_1:339	91.333	64.000	14	14
76	Image5D_bf2983_SPOT2.tif:4-4_3_14_3-4_1_1_4-3_1:339	82.000	83.333	14	14
77	Image5D_bf2983_SPOT2.tif:4-5_3_14_3-5_1_1_4-6_1:339	110.000	156.000	14	14
78	Image5D_bf2983_SPOT2.tif:5-2_3_14_4-1_1_1_5-1_1:339	83.333	136.000	14	14
79	Image5D_bf2983_SPOT2.tif:3-1_1_15_2-1_1_1_3-2_1:364	133.333	130.000	14	15
80	Image5D_bf2983_SPOT2.tif:4-3_3_15_3-4_1_1_4-4_1:364	88.667	69.333	14	15
81	Image5D_bf2983_SPOT2.tif:4-4_3_15_3-4_1_1_4-3_1:364	78.667	87.333	14	15
82	Image5D_bf2983_SPOT2.tif:4-5_3_15_3-5_1_1_4-6_1_0:364	114.667	153.333	14	15
83	Image5D_bf2983_SPOT2.tif:5-2_3_15_4-1_1_1_5-1_1:364	83.333	131.333	14	15
84	Image5D_bf2983_SPOT2.tif:3-1_1_16_2-1_1_1_3-2_1:389	138.000	132.000	14	16
85	Image5D_bf2983_SPOT2.tif:4-3_3_16_3-4_1_1_4-4_1:389	94.000	71.333	14	16
86	Image5D_bf2983_SPOT2.tif:4-4_3_16_3-4_1_1_4-3_1:389	79.333	88.667	14	16
87	Image5D_bf2983_SPOT2.tif:5-2_3_16_4-1_1_1_5-1_1:389	84.000	128.000	14	16
88	Image5D_bf2983_SPOT2.tif:3-1_1_17_2-1_1_1_3-2_1:416	124.000	126.000	16	17
89	Image5D_bf2983_SPOT2.tif:4-3_3_17_3-4_1_1_4-4_1:416	80.000	64.667	16	17
90	Image5D_bf2983_SPOT2.tif:4-4_3_17_3-4_1_1_4-3_1:416	71.333	83.333	16	17
91	Image5D_bf2983_SPOT2.tif:5-2_3_17_4-1_1_1_5-1_1:416	66.667	128.000	16	17
92	Image5D_bf2983_SPOT2.tif:4-3_3_18_3-4_1_1_4-4_1:440	75.333	73.333	15	18
93	Image5D_bf2983_SPOT2.tif:4-4_3_18_3-4_1_1_4-3_1:440	64.667	92.000	15	18
94	Image5D_bf2983_SPOT2.tif:4-7_2_18_3-1_1_1_4-8_1:440	126.667	141.333	15	18
95	Image5D_bf2983_SPOT2.tif:4-8_1_18_3-1_1_1_4-7_1:440	111.333	134.667	15	18
96	Image5D_bf2983_SPOT2.tif:5-2_3_18_4-1_1_1_5-1_1:440	67.333	140.667	15	18
97	Image5D_bf2983_SPOT2.tif:4-3_3_19_3-4_1_1_4-4_1:465	93.333	66.000	15	19
98	Image5D_bf2983_SPOT2.tif:4-4_3_19_3-4_1_1_4-3_1_0:465	76.667	84.667	15	19
99	Image5D_bf2983_SPOT2.tif:4-8_1_19_3-1_1_1_4-7_1:465	118.000	116.667	15	19
100	Image5D_bf2983_SPOT2.tif:5-2_3_19_4-1_1_1_5-1_1:465	80.000	128.667	15	19
101	Image5D_bf2983_SPOT2.tif:5-3_2_19_4-7_1_0-5_5-4_0-5:465	128.000	128.000	15	19
102	Image5D_bf2983_SPOT2.tif:5-4_2_19_4-7_1_0-5_5-3_0-5:465	156.000	136.667	15	19
103	Image5D_bf2983_SPOT2.tif:5-5_2_19_4-7_1_0-5_5-3_0-5:465	144.667	118.000	15	19
104	Image5D_bf2983_SPOT2.tif:4-3_3_20_3-4_1_1_4-4_1:489	96.000	64.667	14	20
105	Image5D_bf2983_SPOT2.tif:4-8_1_20_3-1_1_1_4-7_1:489	126.667	118.000	14	20
106	Image5D_bf2983_SPOT2.tif:5-2_3_20_4-1_1_1_5-1_1:489	88.000	126.000	14	20
107	Image5D_bf2983_SPOT2.tif:5-3_2_20_4-7_1_0-5_5-4_0-5:489	152.000	132.667	14	20
108	Image5D_bf2983_SPOT2.tif:6-1_2_20_5-4_1_1_6-2_1:489	144.667	146.000	14	20
109	Image5D_bf2983_SPOT2.tif:6-2_3_20_5-4_1_1_6-1_1:489	174.000	138.667	14	20
110	Image5D_bf2983_SPOT2.tif:6-3_3_20_5-5_1_1_6-4_1:489	154.000	113.333	14	20
111	Image5D_bf2983_SPOT2.tif:6-4_3_20_5-5_1_1_6-3_1:489	138.667	105.333	14	20
112	Image5D_bf2983_SPOT2.tif:4-3_3_21_3-4_1_1_4-4_1:514	94.667	61.333	14	21
113	Image5D_bf2983_SPOT2.tif:4-8_1_21_3-1_1_1_4-7_1:514	119.333	115.333	14	21
114	Image5D_bf2983_SPOT2.tif:5-2_3_21_4-1_1_1_5-1_1:514	82.667	124.667	14	21
115	Image5D_bf2983_SPOT2.tif:5-3_2_21_4-7_1_0-5_5-4_0-5:514	152.000	132.667	14	21
116	Image5D_bf2983_SPOT2.tif:6-2_3_21_5-4_1_1_6-1_1:514	186.667	135.333	14	21
117	Image5D_bf2983_SPOT2.tif:6-3_3_21_5-5_1_1_6-4_1:514	148.000	116.000	14	21
118	Image5D_bf2983_SPOT2.tif:6-4_3_21_5-5_1_1_6-3_1:514	142.000	102.667	14	21
119	Image5D_bf2983_SPOT2.tif:7-1_3_21_6-1_1_0-5_7-2_0-5:514	148.667	141.333	14	21
120	Image5D_bf2983_SPOT2.tif:7-2_3_21_6-1_1_0-5_7-1_0-5:514	125.333	156.667	14	21
121	Image5D_bf2983_SPOT2.tif:7-3_3_21_6-1_1_0-5_7-1_0-5:514	144.667	223.333	14	21
122	Image5D_bf2983_SPOT2.tif:4-3_3_22_3-4_1_1_4-4_1:539	97.333	64.667	14	22
123	Image5D_bf2983_SPOT2.tif:4-8_1_22_3-1_1_1_4-7_1:539	124.000	116.000	14	22
124	Image5D_bf2983_SPOT2.tif:5-2_3_22_4-1_1_1_5-1_1:539	74.667	122.667	14	22
125	Image5D_bf2983_SPOT2.tif:5-3_2_22_4-7_1_0-5_5-4_0-5:539	141.333	124.000	14	22
126	Image5D_bf2983_SPOT2.tif:6-2_3_22_5-4_1_1_6-1_1:539	180.000	134.000	14	22
127	Image5D_bf2983_SPOT2.tif:6-3_3_22_5-5_1_1_6-4_1:539	158.667	114.000	14	22
128	Image5D_bf2983_SPOT2.tif:6-4_3_22_5-5_1_1_6-3_1_0:539	137.333	107.333	14	22
129	Image5D_bf2983_SPOT2.tif:7-1_3_22_6-1_1_0-5_7-2_0-5_0:539	147.333	143.333	14	22
130	Image5D_bf2983_SPOT2.tif:7-2_3_22_6-1_1_0-5_7-1_0-5:539	128.000	182.000	14	22
131	Image5D_bf2983_SPOT2.tif:7-3_3_22_6-1_1_0-5_7-1_0-5:539	151.333	230.000	14	22
132	Image5D_bf2983_SPOT2.tif:4-3_3_23_3-4_1_1_4-4_1:564	108.000	62.667	14	23
133	Image5D_bf2983_SPOT2.tif:4-8_1_23_3-1_1_1_4-7_1:564	138.000	118.000	14	23
134	Image5D_bf2983_SPOT2.tif:5-2_3_23_4-1_1_1_5-1_1:564	93.333	125.333	14	23
135	Image5D_bf2983_SPOT2.tif:5-3_2_23_4-7_1_0-5_5-4_0-5:564	153.333	127.333	14	23
136	Image5D_bf2983_SPOT2.tif:6-3_3_23_5-5_1_1_6-4_1:564	162.000	119.333	14	23
137	Image5D_bf2983_SPOT2.tif:7-2_3_23_6-1_1_0-5_7-1_0-5:564	138.000	185.333	14	23
138	Image5D_bf2983_SPOT2.tif:7-3_3_23_6-1_1_0-5_7-1_0-5_0:564	169.333	222.000	14	23
139	Image5D_bf2983_SPOT2.tif:4-3_3_24_3-4_1_1_4-4_1:591	100.000	65.333	16	24
140	Image5D_bf2983_SPOT2.tif:4-8_1_24_3-1_1_1_4-7_1:591	128.000	116.000	16	24
141	Image5D_bf2983_SPOT2.tif:5-2_3_24_4-1_1_1_5-1_1:591	92.667	127.333	16	24
142	Image5D_bf2983_SPOT2.tif:5-3_2_24_4-7_1_0-5_5-4_0-5:591	144.667	132.667	16	24
143	Image5D_bf2983_SPOT2.tif:6-3_3_24_5-5_1_1_6-4_1:591	150.667	121.333	16	24
144	Image5D_bf2983_SPOT2.tif:7-2_3_24_6-1_1_0-5_7-1_0-5:591	132.667	185.333	16	24
145	Image5D_bf2983_SPOT2.tif:4-3_3_25_3-4_1_1_4-4_1:616	95.333	64.667	16	25
146	Image5D_bf2983_SPOT2.tif:4-8_1_25_3-1_1_1_4-7_1:616	118.667	111.333	16	25
147	Image5D_bf2983_SPOT2.tif:5-2_3_25_4-1_1_1_5-1_1:616	84.667	126.000	16	25
148	Image5D_bf2983_SPOT2.tif:6-3_3_25_5-5_1_1_6-4_1:616	109.333	78.000	16	25
149	Image5D_bf2983_SPOT2.tif:6-5_2_25_5-3_1_1_6-6_1:616	140.667	130.000	16	25
150	Image5D_bf2983_SPOT2.tif:6-6_3_25_5-3_1_1_6-5_1:616	148.667	116.667	16	25
151	Image5D_bf2983_SPOT2.tif:7-2_3_25_6-1_1_0-5_7-1_0-5:616	121.333	183.333	16	25
152	Image5D_bf2983_SPOT2.tif:4-3_3_26_3-4_1_1_4-4_1:641	98.000	64.667	16	26
153	Image5D_bf2983_SPOT2.tif:4-8_1_26_3-1_1_1_4-7_1:641	122.667	116.000	16	26
154	Image5D_bf2983_SPOT2.tif:5-2_3_26_4-1_1_1_5-1_1:641	88.000	128.000	16	26
155	Image5D_bf2983_SPOT2.tif:6-3_3_26_5-5_1_1_6-4_1:641	110.000	75.333	16	26
156	Image5D_bf2983_SPOT2.tif:6-6_3_26_5-3_1_1_6-5_1:641	146.000	106.000	16	26
157	Image5D_bf2983_SPOT2.tif:7-2_3_26_6-1_1_0-5_7-1_0-5:642	121.333	176.000	17	26
158	Image5D_bf2983_SPOT2.tif:7-4_3_26_6-5_1_1_7-5_1:642	146.667	136.667	17	26
159	Image5D_bf2983_SPOT2.tif:7-5_3_26_6-5_1_1_7-4_1:642	149.333	123.333	17	26
160	Image5D_bf2983_SPOT2.tif:4-3_3_27_3-4_1_1_4-4_1:665	94.000	64.000	15	27
161	Image5D_bf2983_SPOT2.tif:4-8_1_27_3-1_1_1_4-7_1:665	122.000	116.000	15	27
162	Image5D_bf2983_SPOT2.tif:5-2_3_27_4-1_1_1_5-1_1:665	85.333	127.333	15	27
163	Image5D_bf2983_SPOT2.tif:6-3_3_27_5-5_1_1_6-4_1:665	112.000	75.333	15	27
164	Image5D_bf2983_SPOT2.tif:6-6_3_27_5-3_1_1_6-5_1:665	135.333	76.667	15	27
165	Image5D_bf2983_SPOT2.tif:7-2_3_27_6-1_1_0-5_7-1_0-5:665	124.667	174.000	15	27
166	Image5D_bf2983_SPOT2.tif:7-4_3_27_6-5_1_1_7-5_1:665	145.333	130.000	15	27
167	Image5D_bf2983_SPOT2.tif:7-5_3_27_6-5_1_1_7-4_1:665	146.667	114.000	15	27
168	Image5D_bf2983_SPOT2.tif:4-3_3_28_3-4_1_1_4-4_1:690	96.667	64.667	15	28
169	Image5D_bf2983_SPOT2.tif:4-8_1_28_3-1_1_1_4-7_1:690	125.333	110.000	15	28
170	Image5D_bf2983_SPOT2.tif:5-2_3_28_4-1_1_1_5-1_1:690	90.667	123.333	15	28
171	Image5D_bf2983_SPOT2.tif:6-3_3_28_5-5_1_1_6-4_1:690	112.667	76.667	15	28
172	Image5D_bf2983_SPOT2.tif:6-6_3_28_5-3_1_1_6-5_1:690	138.000	80.667	15	28
173	Image5D_bf2983_SPOT2.tif:7-2_3_28_6-1_1_0-5_7-1_0-5:690	128.000	178.667	15	28
174	Image5D_bf2983_SPOT2.tif:7-4_3_28_6-5_1_1_7-5_1_0:690	144.667	128.667	15	28
175	Image5D_bf2983_SPOT2.tif:7-5_3_28_6-5_1_1_7-4_1:690	145.333	118.667	15	28
176	Image5D_bf2983_SPOT2.tif:4-3_3_29_3-4_1_1_4-4_1:715	90.667	56.000	15	29
177	Image5D_bf2983_SPOT2.tif:4-8_1_29_3-1_1_1_4-7_1:715	121.333	112.000	15	29
178	Image5D_bf2983_SPOT2.tif:5-2_3_29_4-1_1_1_5-1_1:715	87.333	120.000	15	29
179	Image5D_bf2983_SPOT2.tif:6-3_3_29_5-5_1_1_6-4_1:715	106.667	71.333	15	29
180	Image5D_bf2983_SPOT2.tif:6-6_3_29_5-3_1_1_6-5_1:715	131.333	89.333	15	29
181	Image5D_bf2983_SPOT2.tif:7-2_3_29_6-1_1_0-5_7-1_0-5:715	123.333	166.667	15	29
182	Image5D_bf2983_SPOT2.tif:7-5_3_29_6-5_1_1_7-4_1:715	136.667	118.000	15	29
183	Image5D_bf2983_SPOT2.tif:4-3_3_30_3-4_1_1_4-4_1:740	75.333	59.333	15	30
184	Image5D_bf2983_SPOT2.tif:4-8_1_30_3-1_1_1_4-7_1:740	102.667	100.000	15	30
185	Image5D_bf2983_SPOT2.tif:5-2_3_30_4-1_1_1_5-1_1:740	70.000	114.000	15	30
186	Image5D_bf2983_SPOT2.tif:6-3_3_30_5-5_1_1_6-4_1:740	93.333	53.333	15	30
187	Image5D_bf2983_SPOT2.tif:6-6_3_30_5-3_1_1_6-5_1:740	53.333	108.667	15	30
188	Image5D_bf2983_SPOT2.tif:7-2_3_30_6-1_1_0-5_7-1_0-5:740	105.333	158.667	15	30
189	Image5D_bf2983_SPOT2.tif:7-5_3_30_6-5_1_1_7-4_1:740	125.333	114.000	15	30
190	Image5D_bf2983_SPOT2.tif:4-3_3_31_3-4_1_1_4-4_1:765	87.333	56.000	15	31
191	Image5D_bf2983_SPOT2.tif:5-2_3_31_4-1_1_1_5-1_1:765	84.000	112.000	15	31
192	Image5D_bf2983_SPOT2.tif:5-6_2_31_4-8_0-5_1_5-7_1:765	120.000	104.667	15	31
193	Image5D_bf2983_SPOT2.tif:5-7_2_31_4-8_1_1_5-6_1:765	104.667	95.333	15	31
194	Image5D_bf2983_SPOT2.tif:6-3_3_31_5-5_1_1_6-4_1:765	98.667	42.000	15	31
195	Image5D_bf2983_SPOT2.tif:6-6_3_31_5-3_1_1_6-5_1:765	62.000	106.667	15	31
196	Image5D_bf2983_SPOT2.tif:7-2_3_31_6-1_1_0-5_7-1_0-5:765	120.000	160.000	15	31
197	Image5D_bf2983_SPOT2.tif:7-5_3_31_6-5_1_1_7-4_1:765	135.333	114.667	15	31
198	Image5D_bf2983_SPOT2.tif:4-3_3_32_3-4_1_1_4-4_1:791	62.000	56.000	16	32
199	Image5D_bf2983_SPOT2.tif:5-2_3_32_4-1_1_1_5-1_1:791	58.667	114.000	16	32
200	Image5D_bf2983_SPOT2.tif:5-6_2_32_4-8_0-5_1_5-7_1:791	95.333	104.000	16	32
201	Image5D_bf2983_SPOT2.tif:6-6_3_32_5-3_1_1_6-5_1:791	39.333	114.000	16	32
202	Image5D_bf2983_SPOT2.tif:6-7_3_32_5-7_1_1_6-8_1:791	86.667	94.000	16	32
203	Image5D_bf2983_SPOT2.tif:6-8_3_32_5-7_1_1_6-7_1:791	66.667	96.667	16	32
204	Image5D_bf2983_SPOT2.tif:7-2_3_32_6-1_1_0-5_7-1_0-5:791	96.000	162.000	16	32
205	Image5D_bf2983_SPOT2.tif:7-5_3_32_6-5_1_1_7-4_1:791	114.667	116.667	16	32
206	Image5D_bf2983_SPOT2.tif:4-3_3_33_3-4_1_1_4-4_1:814	66.000	66.000	14	33
207	Image5D_bf2983_SPOT2.tif:5-2_3_33_4-1_1_1_5-1_1:814	60.000	122.667	14	33
208	Image5D_bf2983_SPOT2.tif:5-6_2_33_4-8_0-5_1_5-7_1:814	100.667	108.000	14	33
209	Image5D_bf2983_SPOT2.tif:6-3_3_33_5-5_1_1_6-4_1:814	70.667	48.000	14	33
210	Image5D_bf2983_SPOT2.tif:6-6_3_33_5-3_1_1_6-5_1_0:814	46.667	119.333	14	33
211	Image5D_bf2983_SPOT2.tif:6-7_3_33_5-7_1_1_6-8_1:814	90.667	96.000	14	33
212	Image5D_bf2983_SPOT2.tif:6-8_3_33_5-7_1_1_6-7_1:814	74.000	110.667	14	33
213	Image5D_bf2983_SPOT2.tif:7-2_3_33_6-1_1_0-5_7-1_0-5:814	98.000	162.000	14	33
214	Image5D_bf2983_SPOT2.tif:7-5_3_33_6-5_1_1_7-4_1:814	114.000	124.000	14	33
215	Image5D_bf2983_SPOT2.tif:4-3_3_34_3-4_1_1_4-4_1:839	72.667	65.333	14	34
216	Image5D_bf2983_SPOT2.tif:5-2_3_34_4-1_1_1_5-1_1:839	68.000	122.000	14	34
217	Image5D_bf2983_SPOT2.tif:5-6_2_34_4-8_0-5_1_5-7_1:839	104.667	112.667	14	34
218	Image5D_bf2983_SPOT2.tif:6-3_3_34_5-5_1_1_6-4_1:839	84.667	48.000	14	34
219	Image5D_bf2983_SPOT2.tif:6-7_3_34_5-7_1_1_6-8_1:839	100.000	93.333	14	34
220	Image5D_bf2983_SPOT2.tif:6-8_3_34_5-7_1_1_6-7_1:839	88.000	103.333	14	34
221	Image5D_bf2983_SPOT2.tif:7-2_3_34_6-1_1_0-5_7-1_0-5:839	101.333	167.333	14	34
222	Image5D_bf2983_SPOT2.tif:7-5_3_34_6-5_1_1_7-4_1:839	124.667	121.333	14	34
223	Image5D_bf2983_SPOT2.tif:4-3_3_35_3-4_1_1_4-4_1:865	79.333	48.000	15	35
224	Image5D_bf2983_SPOT2.tif:5-2_3_35_4-1_1_1_5-1_1:865	71.333	108.667	15	35
225	Image5D_bf2983_SPOT2.tif:5-6_2_35_4-8_0-5_1_5-7_1:865	109.333	101.333	15	35
226	Image5D_bf2983_SPOT2.tif:6-3_3_35_5-5_1_1_6-4_1:865	87.333	35.333	15	35
227	Image5D_bf2983_SPOT2.tif:6-7_3_35_5-7_1_1_6-8_1:865	103.333	80.667	15	35
228	Image5D_bf2983_SPOT2.tif:6-8_3_35_5-7_1_1_6-7_1:865	89.333	88.667	15	35
229	Image5D_bf2983_SPOT2.tif:7-2_3_35_6-1_1_0-5_7-1_0-5:865	110.000	153.333	15	35
230	Image5D_bf2983_SPOT2.tif:7-5_3_35_6-5_1_1_7-4_1:865	126.000	110.667	15	35
231	Image5D_bf2983_SPOT2.tif:4-3_3_36_3-4_1_1_4-4_1:890	72.000	60.667	15	36
232	Image5D_bf2983_SPOT2.tif:5-2_3_36_4-1_1_1_5-1_1_0:890	71.333	117.333	15	36
233	Image5D_bf2983_SPOT2.tif:5-6_2_36_4-8_0-5_1_5-7_1:890	109.333	106.667	15	36
234	Image5D_bf2983_SPOT2.tif:6-3_3_36_5-5_1_1_6-4_1:890	84.667	42.000	15	36
235	Image5D_bf2983_SPOT2.tif:6-7_3_36_5-7_1_1_6-8_1:890	95.333	100.667	15	36
236	Image5D_bf2983_SPOT2.tif:6-8_3_36_5-7_1_1_6-7_1:890	72.000	90.000	15	36
237	Image5D_bf2983_SPOT2.tif:7-2_3_36_6-1_1_0-5_7-1_0-5:890	106.000	165.333	15	36
238	Image5D_bf2983_SPOT2.tif:7-5_3_36_6-5_1_1_7-4_1:890	124.000	118.667	15	36
239	Image5D_bf2983_SPOT2.tif:4-3_3_37_3-4_1_1_4-4_1:915	74.000	55.333	15	37
240	Image5D_bf2983_SPOT2.tif:5-6_2_37_4-8_0-5_1_5-7_1:915	108.000	104.000	15	37
241	Image5D_bf2983_SPOT2.tif:6-3_3_37_5-5_1_1_6-4_1:915	88.000	39.333	15	37
242	Image5D_bf2983_SPOT2.tif:6-7_3_37_5-7_1_1_6-8_1:915	96.667	96.667	15	37
243	Image5D_bf2983_SPOT2.tif:6-8_3_37_5-7_1_1_6-7_1_0:915	70.000	96.667	15	37
244	Image5D_bf2983_SPOT2.tif:7-2_3_37_6-1_1_0-5_7-1_0-5:915	108.667	160.000	15	37
245	Image5D_bf2983_SPOT2.tif:7-5_3_37_6-5_1_1_7-4_1:915	124.000	117.333	15	37
246	Image5D_bf2983_SPOT2.tif:6-3_3_32_5-5_1_1_6-4_1:791	72.000	40.667	16	32
247	Image5D_bf2983_SPOT2.tif:4-3_3_38_3-4_1_1_4-4_1:939	72.000	67.333	14	38
248	Image5D_bf2983_SPOT2.tif:5-6_2_38_4-8_0-5_1_5-7_1_0:939	108.667	118.667	14	38
249	Image5D_bf2983_SPOT2.tif:6-3_3_38_5-5_1_1_6-4_1:939	84.000	51.333	14	38
250	Image5D_bf2983_SPOT2.tif:6-7_3_38_5-7_1_1_6-8_1:939	94.000	98.667	14	38
251	Image5D_bf2983_SPOT2.tif:7-2_3_38_6-1_1_0-5_7-1_0-5:939	105.333	171.333	14	38
252	Image5D_bf2983_SPOT2.tif:7-5_3_38_6-5_1_1_7-4_1:939	119.333	124.667	14	38
253	Image5D_bf2983_SPOT2.tif:4-3_3_39_3-4_1_1_4-4_1:963	68.000	64.667	13	39
254	Image5D_bf2983_SPOT2.tif:6-3_3_39_5-5_1_1_6-4_1:963	82.667	46.667	13	39
255	Image5D_bf2983_SPOT2.tif:6-7_3_39_5-7_1_1_6-8_1:963	89.333	91.333	13	39
256	Image5D_bf2983_SPOT2.tif:7-2_3_39_6-1_1_0-5_7-1_0-5:963	102.667	165.333	13	39
257	Image5D_bf2983_SPOT2.tif:7-5_3_39_6-5_1_1_7-4_1:963	114.000	120.000	13	39
258	Image5D_bf2983_SPOT2.tif:4-3_3_40_3-4_1_1_4-4_1:989	86.000	67.333	14	40
259	Image5D_bf2983_SPOT2.tif:6-3_3_40_5-5_1_1_6-4_1:989	94.667	42.667	14	40
260	Image5D_bf2983_SPOT2.tif:6-7_3_40_5-7_1_1_6-8_1:989	100.667	90.667	14	40
261	Image5D_bf2983_SPOT2.tif:7-2_3_40_6-1_1_0-5_7-1_0-5:989	114.000	170.667	14	40
262	Image5D_bf2983_SPOT2.tif:7-5_3_40_6-5_1_1_7-4_1:989	128.667	118.667	14	40
263	Image5D_bf2983_SPOT2.tif:4-3_3_41_3-4_1_1_4-4_1:1014	99.333	71.333	14	41
264	Image5D_bf2983_SPOT2.tif:6-3_3_41_5-5_1_1_6-4_1:1014	114.000	51.333	14	41
265	Image5D_bf2983_SPOT2.tif:6-7_3_41_5-7_1_1_6-8_1:1014	120.000	98.000	14	41
266	Image5D_bf2983_SPOT2.tif:7-2_3_41_6-1_1_0-5_7-1_0-5:1014	134.000	172.000	14	41
267	Image5D_bf2983_SPOT2.tif:7-5_3_41_6-5_1_1_7-4_1:1014	145.333	126.667	14	41
268	Image5D_bf2983_SPOT2.tif:4-3_3_42_3-4_1_1_4-4_1:1039	94.000	54.000	14	42
269	Image5D_bf2983_SPOT2.tif:6-3_3_42_5-5_1_1_6-4_1:1039	103.333	32.667	14	42
270	Image5D_bf2983_SPOT2.tif:6-7_3_42_5-7_1_1_6-8_1:1039	111.333	84.000	14	42
271	Image5D_bf2983_SPOT2.tif:7-2_3_42_6-1_1_0-5_7-1_0-5:1039	132.667	162.000	14	42
272	Image5D_bf2983_SPOT2.tif:7-5_3_42_6-5_1_1_7-4_1:1039	140.667	108.000	14	42
273	Image5D_bf2983_SPOT2.tif:4-3_3_43_3-4_1_1_4-4_1:1064	90.000	59.333	14	43
274	Image5D_bf2983_SPOT2.tif:6-3_3_43_5-5_1_1_6-4_1:1064	105.333	35.333	14	43
275	Image5D_bf2983_SPOT2.tif:6-7_3_43_5-7_1_1_6-8_1:1064	128.000	161.333	14	43
276	Image5D_bf2983_SPOT2.tif:7-2_3_43_6-1_1_0-5_7-1_0-5:1064	142.000	116.000	14	43
277	Image5D_bf2983_SPOT2.tif:7-5_3_43_6-5_1_1_7-4_1:1064	118.000	88.000	14	43
278	Image5D_bf2983_SPOT2.tif:4-3_3_44_3-4_1_1_4-4_1:1089	98.667	56.667	14	44
279	Image5D_bf2983_SPOT2.tif:6-3_3_44_5-5_1_1_6-4_1:1089	110.667	40.000	14	44
280	Image5D_bf2983_SPOT2.tif:6-7_3_44_5-7_1_1_6-8_1:1089	128.000	90.000	14	44
281	Image5D_bf2983_SPOT2.tif:7-2_3_44_6-1_1_0-5_7-1_0-5:1089	132.667	160.667	14	44
282	Image5D_bf2983_SPOT2.tif:7-5_3_44_6-5_1_1_7-4_1:1089	142.667	114.667	14	44
283	Image5D_bf2983_SPOT2.tif:4-3_3_45_3-4_1_1_4-4_1:1114	105.333	61.333	14	45
284	Image5D_bf2983_SPOT2.tif:6-3_3_45_5-5_1_1_6-4_1:1114	116.667	48.000	14	45
285	Image5D_bf2983_SPOT2.tif:6-7_3_45_5-7_1_1_6-8_1:1114	130.667	100.667	14	45
286	Image5D_bf2983_SPOT2.tif:7-2_3_45_6-1_1_0-5_7-1_0-5:1114	138.000	179.333	14	45
287	Image5D_bf2983_SPOT2.tif:7-5_3_45_6-5_1_1_7-4_1:1114	148.667	128.667	14	45
288	Image5D_bf2983_SPOT2.tif:4-3_3_46_3-4_1_1_4-4_1:1139	102.667	57.333	14	46
289	Image5D_bf2983_SPOT2.tif:6-3_3_46_5-5_1_1_6-4_1:1139	112.000	40.667	14	46
290	Image5D_bf2983_SPOT2.tif:6-7_3_46_5-7_1_1_6-8_1:1139	122.667	89.333	14	46
291	Image5D_bf2983_SPOT2.tif:7-2_3_46_6-1_1_0-5_7-1_0-5:1139	135.333	164.000	14	46
292	Image5D_bf2983_SPOT2.tif:7-5_3_46_6-5_1_1_7-4_1:1139	148.000	115.333	14	46
293	Image5D_bf2983_SPOT2.tif:4-3_3_47_3-4_1_1_4-4_1:1164	108.667	64.667	14	47
294	Image5D_bf2983_SPOT2.tif:6-3_3_47_5-5_1_1_6-4_1:1164	117.333	46.667	14	47
295	Image5D_bf2983_SPOT2.tif:6-7_3_47_5-7_1_1_6-8_1:1164	134.000	95.333	14	47
296	Image5D_bf2983_SPOT2.tif:7-2_3_47_6-1_1_0-5_7-1_0-5:1164	145.333	168.667	14	47
297	Image5D_bf2983_SPOT2.tif:7-5_3_47_6-5_1_1_7-4_1:1164	156.000	116.000	14	47
298	Image5D_bf2983_SPOT2.tif:4-3_3_48_3-4_1_1_4-4_1:1190	102.667	62.000	15	48
299	Image5D_bf2983_SPOT2.tif:6-3_3_48_5-5_1_1_6-4_1:1190	110.000	44.667	15	48
300	Image5D_bf2983_SPOT2.tif:6-7_3_48_5-7_1_1_6-8_1:1190	124.667	91.333	15	48
301	Image5D_bf2983_SPOT2.tif:7-2_3_48_6-1_1_0-5_7-1_0-5:1190	134.667	168.667	15	48
302	Image5D_bf2983_SPOT2.tif:7-5_3_48_6-5_1_1_7-4_1:1190	150.000	121.333	15	48
303	Image5D_bf2983_SPOT2.tif:4-3_3_49_3-4_1_1_4-4_1:1215	97.333	40.000	15	49
304	Image5D_bf2983_SPOT2.tif:6-3_3_49_5-5_1_1_6-4_1:1215	108.667	31.333	15	49
305	Image5D_bf2983_SPOT2.tif:6-7_3_49_5-7_1_1_6-8_1:1215	120.000	80.667	15	49
306	Image5D_bf2983_SPOT2.tif:7-2_3_49_6-1_1_0-5_7-1_0-5:1215	133.333	156.667	15	49
307	Image5D_bf2983_SPOT2.tif:7-5_3_49_6-5_1_1_7-4_1:1215	144.667	106.667	15	49
308	Image5D_bf2983_SPOT2.tif:4-3_3_50_3-4_1_1_4-4_1:1240	96.667	52.667	15	50
309	Image5D_bf2983_SPOT2.tif:6-3_3_50_5-5_1_1_6-4_1:1240	109.333	36.667	15	50
310	Image5D_bf2983_SPOT2.tif:6-7_3_50_5-7_1_1_6-8_1:1240	120.667	78.000	15	50
311	Image5D_bf2983_SPOT2.tif:7-2_3_50_6-1_1_0-5_7-1_0-5:1240	129.333	164.667	15	50
312	Image5D_bf2983_SPOT2.tif:7-5_3_50_6-5_1_1_7-4_1:1240	149.333	110.000	15	50
313	Image5D_bf2983_SPOT2.tif:4-3_3_51_3-4_1_1_4-4_1:1265	91.333	57.333	15	51
314	Image5D_bf2983_SPOT2.tif:6-7_3_51_5-7_1_1_6-8_1:1265	114.667	92.667	15	51
315	Image5D_bf2983_SPOT2.tif:7-2_3_51_6-1_1_0-5_7-1_0-5:1265	126.000	162.667	15	51
316	Image5D_bf2983_SPOT2.tif:7-5_3_51_6-5_1_1_7-4_1:1265	145.333	120.667	15	51
317	Image5D_bf2983_SPOT2.tif:4-3_3_52_3-4_1_1_4-4_1:1290	88.667	69.333	15	52
318	Image5D_bf2983_SPOT2.tif:6-3_3_52_5-5_1_1_6-4_1:1290	96.000	52.000	15	52
319	Image5D_bf2983_SPOT2.tif:6-7_3_52_5-7_1_1_6-8_1:1290	107.333	105.333	15	52
320	Image5D_bf2983_SPOT2.tif:7-2_3_52_6-1_1_0-5_7-1_0-5:1290	123.333	166.667	15	52
321	Image5D_bf2983_SPOT2.tif:7-5_3_52_6-5_1_1_7-4_1:1290	144.000	120.667	15	52
322	Image5D_bf2983_SPOT2.tif:4-3_3_53_3-4_1_1_4-4_1:1315	92.000	66.667	15	53
323	Image5D_bf2983_SPOT2.tif:6-3_3_53_5-5_1_1_6-4_1:1315	101.333	44.667	15	53
324	Image5D_bf2983_SPOT2.tif:6-7_3_53_5-7_1_1_6-8_1:1315	112.667	98.000	15	53
325	Image5D_bf2983_SPOT2.tif:7-2_3_53_6-1_1_0-5_7-1_0-5:1315	129.333	170.667	15	53
326	Image5D_bf2983_SPOT2.tif:7-5_3_53_6-5_1_1_7-4_1:1315	138.667	124.000	15	53
327	Image5D_bf2983_SPOT2.tif:4-3_3_54_3-4_1_1_4-4_1:1340	99.333	60.667	15	54
328	Image5D_bf2983_SPOT2.tif:6-3_3_54_5-5_1_1_6-4_1:1340	106.000	37.333	15	54
329	Image5D_bf2983_SPOT2.tif:6-7_3_54_5-7_1_1_6-8_1:1340	112.000	93.333	15	54
330	Image5D_bf2983_SPOT2.tif:7-2_3_54_6-1_1_0-5_7-1_0-5:1340	130.667	166.000	15	54
331	Image5D_bf2983_SPOT2.tif:7-5_3_54_6-5_1_1_7-4_1:1340	144.667	120.667	15	54
332	Image5D_bf2983_SPOT2.tif:4-3_3_55_3-4_1_1_4-4_1:1365	97.333	62.667	15	55
333	Image5D_bf2983_SPOT2.tif:6-3_3_55_5-5_1_1_6-4_1:1365	109.333	40.000	15	55
334	Image5D_bf2983_SPOT2.tif:6-7_3_55_5-7_1_1_6-8_1:1365	115.333	89.333	15	55
335	Image5D_bf2983_SPOT2.tif:7-2_3_55_6-1_1_0-5_7-1_0-5:1365	134.667	167.333	15	55
336	Image5D_bf2983_SPOT2.tif:7-5_3_55_6-5_1_1_7-4_1:1365	145.333	121.333	15	55
337	Image5D_bf2983_SPOT2.tif:4-3_3_56_3-4_1_1_4-4_1:1390	84.667	64.667	15	56
338	Image5D_bf2983_SPOT2.tif:6-3_3_56_5-5_1_1_6-4_1:1390	94.000	48.667	15	56
339	Image5D_bf2983_SPOT2.tif:6-7_3_56_5-7_1_1_6-8_1:1390	104.667	98.000	15	56
340	Image5D_bf2983_SPOT2.tif:7-2_3_56_6-1_1_0-5_7-1_0-5:1390	121.333	170.667	15	56
341	Image5D_bf2983_SPOT2.tif:7-5_3_56_6-5_1_1_7-4_1:1390	137.333	123.333	15	56
342	Image5D_bf2983_SPOT2.tif:4-3_3_57_3-4_1_1_4-4_1:1415	88.000	39.333	15	57
343	Image5D_bf2983_SPOT2.tif:6-3_3_57_5-5_1_1_6-4_1:1415	100.667	28.667	15	57
344	Image5D_bf2983_SPOT2.tif:6-7_3_57_5-7_1_1_6-8_1:1415	108.667	74.667	15	57
345	Image5D_bf2983_SPOT2.tif:7-2_3_57_6-1_1_0-5_7-1_0-5:1415	129.333	150.667	15	57
346	Image5D_bf2983_SPOT2.tif:7-5_3_57_6-5_1_1_7-4_1:1415	140.667	102.667	15	57
347	Image5D_bf2983_SPOT2.tif:4-3_3_58_3-4_1_1_4-4_1:1440	86.000	48.667	15	58
348	Image5D_bf2983_SPOT2.tif:6-3_3_58_5-5_1_1_6-4_1:1440	96.000	28.667	15	58
349	Image5D_bf2983_SPOT2.tif:6-7_3_58_5-7_1_1_6-8_1:1440	106.000	72.667	15	58
350	Image5D_bf2983_SPOT2.tif:7-2_3_58_6-1_1_0-5_7-1_0-5:1440	120.000	151.333	15	58
351	Image5D_bf2983_SPOT2.tif:7-5_3_58_6-5_1_1_7-4_1:1440	138.000	107.333	15	58
352	Image5D_bf2983_SPOT2.tif:4-3_3_59_3-4_1_1_4-4_1:1465	94.000	52.667	15	59
353	Image5D_bf2983_SPOT2.tif:6-3_3_59_5-5_1_1_6-4_1:1465	98.000	38.667	15	59
354	Image5D_bf2983_SPOT2.tif:6-7_3_59_5-7_1_1_6-8_1:1465	109.333	80.667	15	59
355	Image5D_bf2983_SPOT2.tif:7-2_3_59_6-1_1_0-5_7-1_0-5:1465	122.667	154.667	15	59
356	Image5D_bf2983_SPOT2.tif:7-5_3_59_6-5_1_1_7-4_1:1465	138.000	114.000	15	59
357	Image5D_bf2983_SPOT2.tif:6-3_3_51_5-5_1_1_6-4_1:1265	106.000	45.333	15	51
358	Image5D_bf2983_SPOT2.tif:4-3_3_60_3-4_1_1_4-4_1:1490	88.000	59.333	15	60
359	Image5D_bf2983_SPOT2.tif:6-3_3_60_5-5_1_1_6-4_1:1490	96.000	40.667	15	60
360	Image5D_bf2983_SPOT2.tif:6-7_3_60_5-7_1_1_6-8_1:1490	113.333	85.333	15	60
361	Image5D_bf2983_SPOT2.tif:7-2_3_60_6-1_1_0-5_7-1_0-5:1490	121.333	166.000	15	60
362	Image5D_bf2983_SPOT2.tif:7-5_3_60_6-5_1_1_7-4_1:1490	132.000	122.667	15	60
363	Image5D_bf2983_SPOT2.tif:4-3_3_61_3-4_1_1_4-4_1:1515	88.000	59.333	15	61
364	Image5D_bf2983_SPOT2.tif:6-3_3_61_5-5_1_1_6-4_1:1515	97.333	39.333	15	61
365	Image5D_bf2983_SPOT2.tif:6-7_3_61_5-7_1_1_6-8_1:1515	106.667	94.000	15	61
366	Image5D_bf2983_SPOT2.tif:7-2_3_61_6-1_1_0-5_7-1_0-5:1515	123.333	168.667	15	61
367	Image5D_bf2983_SPOT2.tif:7-5_3_61_6-5_1_1_7-4_1:1515	130.000	122.000	15	61
368	Image5D_bf2983_SPOT2.tif:4-3_3_62_3-4_1_1_4-4_1:1540	86.667	50.667	15	62
369	Image5D_bf2983_SPOT2.tif:6-3_3_62_5-5_1_1_6-4_1:1540	94.667	37.333	15	62
370	Image5D_bf2983_SPOT2.tif:6-7_3_62_5-7_1_1_6-8_1:1540	104.667	86.667	15	62
371	Image5D_bf2983_SPOT2.tif:7-2_3_62_6-1_1_0-5_7-1_0-5:1540	129.333	162.667	15	62
372	Image5D_bf2983_SPOT2.tif:7-5_3_62_6-5_1_1_7-4_1:1540	135.333	117.333	15	62
373	Image5D_bf2983_SPOT2.tif:4-3_3_63_3-4_1_1_4-4_1:1565	80.667	44.667	15	63
374	Image5D_bf2983_SPOT2.tif:6-3_3_63_5-5_1_1_6-4_1:1565	92.000	20.667	15	63
375	Image5D_bf2983_SPOT2.tif:6-7_3_63_5-7_1_1_6-8_1:1565	105.333	72.667	15	63
376	Image5D_bf2983_SPOT2.tif:7-2_3_63_6-1_1_0-5_7-1_0-5:1565	120.000	155.333	15	63
377	Image5D_bf2983_SPOT2.tif:7-5_3_63_6-5_1_1_7-4_1:1565	136.000	102.000	15	63
378	Image5D_bf2983_SPOT2.tif:4-3_3_64_3-4_1_1_4-4_1:1590	78.667	43.333	15	64
379	Image5D_bf2983_SPOT2.tif:6-3_3_64_5-5_1_1_6-4_1:1590	82.000	24.000	15	64
380	Image5D_bf2983_SPOT2.tif:6-7_3_64_5-7_1_1_6-8_1:1590	96.000	70.667	15	64
381	Image5D_bf2983_SPOT2.tif:7-2_3_64_6-1_1_0-5_7-1_0-5:1590	107.333	158.667	15	64
382	Image5D_bf2983_SPOT2.tif:7-5_3_64_6-5_1_1_7-4_1:1590	114.000	104.667	15	64
383	Image5D_bf2983_SPOT2.tif:4-3_3_65_3-4_1_1_4-4_1:1614	95.333	46.000	14	65
384	Image5D_bf2983_SPOT2.tif:6-7_3_65_5-7_1_1_6-8_1:1614	114.000	69.333	14	65
385	Image5D_bf2983_SPOT2.tif:7-2_3_65_6-1_1_0-5_7-1_0-5:1614	129.333	154.667	14	65
386	Image5D_bf2983_SPOT2.tif:7-5_3_65_6-5_1_1_7-4_1:1614	128.000	110.000	14	65
387	Image5D_bf2983_SPOT2.tif:4-3_3_66_3-4_1_1_4-4_1:1639	90.000	44.000	14	66
388	Image5D_bf2983_SPOT2.tif:6-3_3_66_5-5_1_1_6-4_1:1639	96.000	28.000	14	66
389	Image5D_bf2983_SPOT2.tif:6-7_3_66_5-7_1_1_6-8_1:1639	111.333	72.000	14	66
390	Image5D_bf2983_SPOT2.tif:7-2_3_66_6-1_1_0-5_7-1_0-5:1639	128.667	161.333	14	66
391	Image5D_bf2983_SPOT2.tif:7-5_3_66_6-5_1_1_7-4_1:1639	134.000	107.333	14	66
392	Image5D_bf2983_SPOT2.tif:4-3_3_67_3-4_1_1_4-4_1:1664	86.667	40.000	14	67
393	Image5D_bf2983_SPOT2.tif:6-3_3_67_5-5_1_1_6-4_1:1664	101.333	26.000	14	67
394	Image5D_bf2983_SPOT2.tif:6-7_3_67_5-7_1_1_6-8_1:1664	112.667	77.333	14	67
395	Image5D_bf2983_SPOT2.tif:7-2_3_67_6-1_1_0-5_7-1_0-5:1664	124.000	154.667	14	67
396	Image5D_bf2983_SPOT2.tif:7-5_3_67_6-5_1_1_7-4_1:1664	128.667	106.000	14	67
397	Image5D_bf2983_SPOT2.tif:4-3_3_68_3-4_1_1_4-4_1:1689	96.000	43.333	14	68
398	Image5D_bf2983_SPOT2.tif:6-3_3_68_5-5_1_1_6-4_1:1689	106.667	27.333	14	68
399	Image5D_bf2983_SPOT2.tif:6-7_3_68_5-7_1_1_6-8_1:1689	120.667	80.000	14	68
400	Image5D_bf2983_SPOT2.tif:7-2_3_68_6-1_1_0-5_7-1_0-5:1689	134.667	155.333	14	68
401	Image5D_bf2983_SPOT2.tif:7-5_3_68_6-5_1_1_7-4_1:1689	134.667	111.333	14	68
402	Image5D_bf2983_SPOT2.tif:4-3_3_69_3-4_1_1_4-4_1:1714	96.667	45.333	14	69
403	Image5D_bf2983_SPOT2.tif:6-3_3_69_5-5_1_1_6-4_1:1714	102.667	23.333	14	69
404	Image5D_bf2983_SPOT2.tif:6-7_3_69_5-7_1_1_6-8_1:1714	117.333	76.667	14	69
405	Image5D_bf2983_SPOT2.tif:7-2_3_69_6-1_1_0-5_7-1_0-5:1714	129.333	161.333	14	69
406	Image5D_bf2983_SPOT2.tif:7-5_3_69_6-5_1_1_7-4_1:1714	135.333	107.333	14	69
407	Image5D_bf2983_SPOT2.tif:4-3_3_70_3-4_1_1_4-4_1:1739	94.000	33.333	14	70
408	Image5D_bf2983_SPOT2.tif:6-3_3_70_5-5_1_1_6-4_1:1739	104.667	16.667	14	70
409	Image5D_bf2983_SPOT2.tif:6-7_3_70_5-7_1_1_6-8_1:1739	113.333	68.667	14	70
410	Image5D_bf2983_SPOT2.tif:7-2_3_70_6-1_1_0-5_7-1_0-5:1739	126.667	145.333	14	70
411	Image5D_bf2983_SPOT2.tif:7-5_3_70_6-5_1_1_7-4_1:1739	130.667	102.667	14	70
412	Image5D_bf2983_SPOT2.tif:4-3_3_71_3-4_1_1_4-4_1:1764	90.000	47.333	14	71
413	Image5D_bf2983_SPOT2.tif:6-3_3_71_5-5_1_1_6-4_1:1764	98.667	35.333	14	71
414	Image5D_bf2983_SPOT2.tif:6-7_3_71_5-7_1_1_6-8_1:1764	112.667	78.667	14	71
415	Image5D_bf2983_SPOT2.tif:7-2_3_71_6-1_1_0-5_7-1_0-5:1764	127.333	160.000	14	71
416	Image5D_bf2983_SPOT2.tif:7-5_3_71_6-5_1_1_7-4_1:1764	131.333	114.667	14	71
417	Image5D_bf2983_SPOT2.tif:4-3_3_72_3-4_1_1_4-4_1:1789	94.000	27.333	14	72
418	Image5D_bf2983_SPOT2.tif:6-3_3_72_5-5_1_1_6-4_1:1789	112.667	16.000	14	72
419	Image5D_bf2983_SPOT2.tif:6-7_3_72_5-7_1_1_6-8_1:1789	118.000	69.333	14	72
420	Image5D_bf2983_SPOT2.tif:7-2_3_72_6-1_1_0-5_7-1_0-5:1789	130.667	151.333	14	72
421	Image5D_bf2983_SPOT2.tif:7-5_3_72_6-5_1_1_7-4_1:1789	132.667	102.000	14	72
422	Image5D_bf2983_SPOT2.tif:4-3_3_73_3-4_1_1_4-4_1:1814	92.667	37.333	14	73
423	Image5D_bf2983_SPOT2.tif:6-3_3_73_5-5_1_1_6-4_1:1814	103.333	20.667	14	73
424	Image5D_bf2983_SPOT2.tif:6-7_3_73_5-7_1_1_6-8_1:1814	110.667	76.667	14	73
425	Image5D_bf2983_SPOT2.tif:7-2_3_73_6-1_1_0-5_7-1_0-5:1814	131.333	158.667	14	73
426	Image5D_bf2983_SPOT2.tif:7-5_3_73_6-5_1_1_7-4_1:1814	137.333	112.667	14	73
427	Image5D_bf2983_SPOT2.tif:4-3_3_74_3-4_1_1_4-4_1:1839	94.000	31.333	14	74
428	Image5D_bf2983_SPOT2.tif:6-3_3_74_5-5_1_1_6-4_1:1839	104.000	22.000	14	74
429	Image5D_bf2983_SPOT2.tif:6-7_3_74_5-7_1_1_6-8_1:1839	119.333	67.333	14	74
430	Image5D_bf2983_SPOT2.tif:7-2_3_74_6-1_1_0-5_7-1_0-5:1839	130.667	152.000	14	74
431	Image5D_bf2983_SPOT2.tif:7-5_3_74_6-5_1_1_7-4_1:1839	142.667	102.000	14	74
432	Image5D_bf2983_SPOT2.tif:4-3_3_75_3-4_1_1_4-4_1:1864	94.000	40.667	14	75
433	Image5D_bf2983_SPOT2.tif:6-3_3_75_5-5_1_1_6-4_1:1864	104.000	29.333	14	75
434	Image5D_bf2983_SPOT2.tif:6-7_3_75_5-7_1_1_6-8_1:1864	119.333	76.000	14	75
435	Image5D_bf2983_SPOT2.tif:7-2_3_75_6-1_1_0-5_7-1_0-5:1864	132.000	158.000	14	75
436	Image5D_bf2983_SPOT2.tif:7-5_3_75_6-5_1_1_7-4_1:1864	136.667	106.000	14	75
437	Image5D_bf2983_SPOT2.tif:4-3_3_76_3-4_1_1_4-4_1:1889	93.333	44.000	14	76
438	Image5D_bf2983_SPOT2.tif:6-3_3_76_5-5_1_1_6-4_1:1889	105.333	30.000	14	76
439	Image5D_bf2983_SPOT2.tif:6-7_3_76_5-7_1_1_6-8_1:1889	118.000	78.000	14	76
440	Image5D_bf2983_SPOT2.tif:7-2_3_76_6-1_1_0-5_7-1_0-5:1889	133.333	160.000	14	76
441	Image5D_bf2983_SPOT2.tif:7-5_3_76_6-5_1_1_7-4_1:1889	140.667	111.333	14	76
442	Image5D_bf2983_SPOT2.tif:4-3_3_77_3-4_1_1_4-4_1:1914	84.667	46.000	14	77
443	Image5D_bf2983_SPOT2.tif:6-3_3_77_5-5_1_1_6-4_1:1914	98.000	33.333	14	77
444	Image5D_bf2983_SPOT2.tif:6-7_3_77_5-7_1_1_6-8_1:1914	108.667	78.667	14	77
445	Image5D_bf2983_SPOT2.tif:7-2_3_77_6-1_1_0-5_7-1_0-5:1914	120.667	163.333	14	77
446	Image5D_bf2983_SPOT2.tif:7-5_3_77_6-5_1_1_7-4_1:1914	134.000	106.667	14	77
447	Image5D_bf2983_SPOT2.tif:4-3_3_78_3-4_1_1_4-4_1:1939	88.667	15.333	14	78
448	Image5D_bf2983_SPOT2.tif:6-3_3_78_5-5_1_1_6-4_1:1939	101.333	9.333	14	78
449	Image5D_bf2983_SPOT2.tif:6-7_3_78_5-7_1_1_6-8_1:1939	107.333	60.000	14	78
450	Image5D_bf2983_SPOT2.tif:7-2_3_78_6-1_1_0-5_7-1_0-5:1939	126.000	145.333	14	78
451	Image5D_bf2983_SPOT2.tif:7-5_3_78_6-5_1_1_7-4_1:1939	124.667	91.333	14	78
452	Image5D_bf2983_SPOT2.tif:4-3_3_79_3-4_1_1_4-4_1:1964	87.333	39.333	14	79
453	Image5D_bf2983_SPOT2.tif:6-3_3_79_5-5_1_1_6-4_1:1964	94.667	30.667	14	79
454	Image5D_bf2983_SPOT2.tif:6-7_3_79_5-7_1_1_6-8_1:1964	102.667	85.333	14	79
455	Image5D_bf2983_SPOT2.tif:7-2_3_79_6-1_1_0-5_7-1_0-5:1964	124.667	160.000	14	79
456	Image5D_bf2983_SPOT2.tif:7-5_3_79_6-5_1_1_7-4_1:1964	128.000	106.667	14	79
457	Image5D_bf2983_SPOT2.tif:4-3_3_80_3-4_1_1_4-4_1:1989	92.667	38.667	14	80
458	Image5D_bf2983_SPOT2.tif:6-3_3_80_5-5_1_1_6-4_1:1989	102.000	28.667	14	80
459	Image5D_bf2983_SPOT2.tif:6-7_3_80_5-7_1_1_6-8_1:1989	107.333	75.333	14	80
460	Image5D_bf2983_SPOT2.tif:7-2_3_80_6-1_1_0-5_7-1_0-5:1989	119.333	157.333	14	80
461	Image5D_bf2983_SPOT2.tif:7-5_3_80_6-5_1_1_7-4_1:1989	126.000	106.000	14	80
462	Image5D_bf2983_SPOT2.tif:4-3_3_81_3-4_1_1_4-4_1:2017	92.667	12.667	17	81
463	Image5D_bf2983_SPOT2.tif:6-3_3_81_5-5_1_1_6-4_1:2017	102.000	7.333	17	81
464	Image5D_bf2983_SPOT2.tif:6-7_3_81_5-7_1_1_6-8_1:2017	108.667	49.333	17	81
465	Image5D_bf2983_SPOT2.tif:7-2_3_81_6-1_1_0-5_7-1_0-5:2017	124.667	140.000	17	81
466	Image5D_bf2983_SPOT2.tif:7-5_3_81_6-5_1_1_7-4_1:2017	129.333	86.667	17	81
467	Image5D_bf2983_SPOT2.tif:4-3_3_82_3-4_1_1_4-4_1:2042	74.000	16.667	17	82
468	Image5D_bf2983_SPOT2.tif:6-3_3_82_5-5_1_1_6-4_1:2042	89.333	8.667	17	82
469	Image5D_bf2983_SPOT2.tif:6-7_3_82_5-7_1_1_6-8_1:2042	94.667	50.000	17	82
470	Image5D_bf2983_SPOT2.tif:7-2_3_82_6-1_1_0-5_7-1_0-5:2042	116.000	134.000	17	82
471	Image5D_bf2983_SPOT2.tif:7-5_3_82_6-5_1_1_7-4_1:2042	121.333	86.667	17	82
472	Image5D_bf2983_SPOT2.tif:4-3_3_83_3-4_1_1_4-4_1:2066	92.667	6.667	16	83
473	Image5D_bf2983_SPOT2.tif:6-7_3_83_5-7_1_1_6-8_1:2066	113.333	46.667	16	83
474	Image5D_bf2983_SPOT2.tif:7-2_3_83_6-1_1_0-5_7-1_0-5:2066	125.333	134.667	16	83
475	Image5D_bf2983_SPOT2.tif:7-5_3_83_6-5_1_1_7-4_1:2066	131.333	85.333	16	83
476	Image5D_bf2983_SPOT2.tif:4-3_3_84_3-4_1_1_4-4_1:2091	82.000	16.667	16	84
477	Image5D_bf2983_SPOT2.tif:6-3_3_84_5-5_1_1_6-4_1:2091	95.333	8.667	16	84
478	Image5D_bf2983_SPOT2.tif:6-7_3_84_5-7_1_1_6-8_1:2091	104.667	44.667	16	84
479	Image5D_bf2983_SPOT2.tif:7-2_3_84_6-1_1_0-5_7-1_0-5:2091	116.667	130.000	16	84
480	Image5D_bf2983_SPOT2.tif:7-5_3_84_6-5_1_1_7-4_1:2091	124.667	84.667	16	84
481	Image5D_bf2983_SPOT2.tif:4-3_3_85_3-4_1_1_4-4_1:2116	49.333	22.000	16	85
482	Image5D_bf2983_SPOT2.tif:6-3_3_85_5-5_1_1_6-4_1:2116	60.667	8.667	16	85
483	Image5D_bf2983_SPOT2.tif:6-7_3_85_5-7_1_1_6-8_1:2116	72.667	56.000	16	85
484	Image5D_bf2983_SPOT2.tif:7-2_3_85_6-1_1_0-5_7-1_0-5:2116	87.333	133.333	16	85
485	Image5D_bf2983_SPOT2.tif:7-5_3_85_6-5_1_1_7-4_1:2116	92.000	84.667	16	85
486	Image5D_bf2983_SPOT2.tif:4-3_3_86_3-4_1_1_4-4_1:2141	48.000	14.667	16	86
487	Image5D_bf2983_SPOT2.tif:6-3_3_86_5-5_1_1_6-4_1:2141	66.000	4.667	16	86
488	Image5D_bf2983_SPOT2.tif:6-7_3_86_5-7_1_1_6-8_1:2141	72.000	46.000	16	86
489	Image5D_bf2983_SPOT2.tif:7-2_3_86_6-1_1_0-5_7-1_0-5:2141	92.667	124.000	16	86
490	Image5D_bf2983_SPOT2.tif:7-5_3_86_6-5_1_1_7-4_1:2141	95.333	83.333	16	86
491	Image5D_bf2983_SPOT2.tif:4-3_3_87_3-4_1_1_4-4_1:2166	80.000	12.000	16	87
492	Image5D_bf2983_SPOT2.tif:6-3_3_87_5-5_1_1_6-4_1:2166	96.000	6.667	16	87
493	Image5D_bf2983_SPOT2.tif:6-7_3_87_5-7_1_1_6-8_1:2166	101.333	50.000	16	87
494	Image5D_bf2983_SPOT2.tif:7-2_3_87_6-1_1_0-5_7-1_0-5:2166	117.333	132.667	16	87
495	Image5D_bf2983_SPOT2.tif:7-5_3_87_6-5_1_1_7-4_1:2166	124.000	85.333	16	87
496	Image5D_bf2983_SPOT2.tif:6-3_3_83_5-5_1_1_6-4_1:2066	102.667	7.333	16	83
497	Image5D_bf2983_SPOT2.tif:6-3_3_65_5-5_1_1_6-4_1:1614	104.000	32.667	14	65
