 	Label	X	Y	Slice	Frame
1	Image5D_bf2983_SPOT5.tif:1-1_1_1_NA_1_1_NA_1:14	176	358	14	1
2	Image5D_bf2983_SPOT5.tif:1-1_1_2_NA_1_1_NA_1:38	165	350	14	2
3	Image5D_bf2983_SPOT5.tif:1-1_1_3_NA_1_1_NA_1:62	183	356	14	3
4	Image5D_bf2983_SPOT5.tif:1-1_1_4_NA_1_1_NA_1:86	190	362	14	4
5	Image5D_bf2983_SPOT5.tif:1-1_1_5_NA_1_1_NA_1:113	187	368	17	5
6	Image5D_bf2983_SPOT5.tif:1-1_1_6_NA_1_1_NA_1:137	183	374	17	6
7	Image5D_bf2983_SPOT5.tif:2-1_2_7_1-1_1_0-5_2-2_0-5:159	176	372	15	7
8	Image5D_bf2983_SPOT5.tif:2-2_2_7_1-1_1_0-5_2-1_0-5:159	154	374	15	7
9	Image5D_bf2983_SPOT5.tif:2-3_2_7_1-1_1_0-5_2-1_0-5:159	138	363	15	7
10	Image5D_bf2983_SPOT5.tif:2-1_2_8_1-1_1_0-5_2-2_0-5:184	175	378	16	8
11	Image5D_bf2983_SPOT5.tif:2-2_2_8_1-1_1_0-5_2-1_0-5:184	157	376	16	8
12	Image5D_bf2983_SPOT5.tif:2-3_2_8_1-1_1_0-5_2-1_0-5:184	138	377	16	8
13	Image5D_bf2983_SPOT5.tif:2-1_2_9_1-1_1_0-5_2-2_0-5:208	180	386	16	9
14	Image5D_bf2983_SPOT5.tif:2-3_2_9_1-1_1_0-5_2-1_0-5:208	138	382	16	9
15	Image5D_bf2983_SPOT5.tif:3-1_2_9_2-2_1_1_3-2_1:208	157	379	16	9
16	Image5D_bf2983_SPOT5.tif:3-2_2_9_2-2_1_1_3-1_1:208	180	396	16	9
17	Image5D_bf2983_SPOT5.tif:2-1_2_10_1-1_1_0-5_2-2_0-5:233	192	389	17	10
18	Image5D_bf2983_SPOT5.tif:2-3_2_10_1-1_1_0-5_2-1_0-5:233	146	394	17	10
19	Image5D_bf2983_SPOT5.tif:3-1_2_10_2-2_1_1_3-2_1:233	164	386	17	10
20	Image5D_bf2983_SPOT5.tif:3-2_2_10_2-2_1_1_3-1_1:233	187	410	17	10
21	Image5D_bf2983_SPOT5.tif:2-1_2_11_1-1_1_0-5_2-2_0-5:257	185	397	17	11
22	Image5D_bf2983_SPOT5.tif:3-1_2_11_2-2_1_1_3-2_1:257	160	392	17	11
23	Image5D_bf2983_SPOT5.tif:3-2_2_11_2-2_1_1_3-1_1:257	175	411	17	11
24	Image5D_bf2983_SPOT5.tif:3-3_3_11_2-3_1_1_3-4_1:257	142	393	17	11
25	Image5D_bf2983_SPOT5.tif:3-4_2_11_2-3_1_1_3-3_1:257	142	414	17	11
26	Image5D_bf2983_SPOT5.tif:2-1_2_12_1-1_1_0-5_2-2_0-5:280	192	395	16	12
27	Image5D_bf2983_SPOT5.tif:3-1_2_12_2-2_1_1_3-2_1:280	168	396	16	12
28	Image5D_bf2983_SPOT5.tif:3-3_3_12_2-3_1_1_3-4_1:280	149	390	16	12
29	Image5D_bf2983_SPOT5.tif:3-4_2_12_2-3_1_1_3-3_1:280	153	413	16	12
30	Image5D_bf2983_SPOT5.tif:4-1_3_12_3-2_1_1_4-2_1:280	182	412	16	12
31	Image5D_bf2983_SPOT5.tif:4-2_3_12_3-2_1_1_4-1_1:280	213	414	16	12
32	Image5D_bf2983_SPOT5.tif:2-1_2_13_1-1_1_0-5_2-2_0-5:304	189	394	16	13
33	Image5D_bf2983_SPOT5.tif:3-1_2_13_2-2_1_1_3-2_1:304	168	392	16	13
34	Image5D_bf2983_SPOT5.tif:3-3_3_13_2-3_1_1_3-4_1:304	145	387	16	13
35	Image5D_bf2983_SPOT5.tif:3-4_2_13_2-3_1_1_3-3_1:304	150	410	16	13
36	Image5D_bf2983_SPOT5.tif:4-1_3_13_3-2_1_1_4-2_1:304	182	407	16	13
37	Image5D_bf2983_SPOT5.tif:4-2_3_13_3-2_1_1_4-1_1_0:304	213	408	16	13
38	Image5D_bf2983_SPOT5.tif:2-1_2_14_1-1_1_0-5_2-2_0-5:327	184	401	15	14
39	Image5D_bf2983_SPOT5.tif:3-1_2_14_2-2_1_1_3-2_1:326	166	398	14	14
40	Image5D_bf2983_SPOT5.tif:3-3_3_14_2-3_1_1_3-4_1:326	144	396	14	14
41	Image5D_bf2983_SPOT5.tif:4-1_3_14_3-2_1_1_4-2_1:326	185	417	14	14
42	Image5D_bf2983_SPOT5.tif:4-3_2_14_3-4_1_1_4-4_1:326	146	422	14	14
43	Image5D_bf2983_SPOT5.tif:4-4_3_14_3-4_1_1_4-3_1:326	119	390	14	14
44	Image5D_bf2983_SPOT5.tif:2-1_2_15_1-1_1_0-5_2-2_0-5:350	181	396	14	15
45	Image5D_bf2983_SPOT5.tif:3-1_2_15_2-2_1_1_3-2_1:350	161	393	14	15
46	Image5D_bf2983_SPOT5.tif:3-3_3_15_2-3_1_1_3-4_1:350	137	391	14	15
47	Image5D_bf2983_SPOT5.tif:4-1_3_15_3-2_1_1_4-2_1:350	179	411	14	15
48	Image5D_bf2983_SPOT5.tif:4-3_2_15_3-4_1_1_4-4_1:350	144	411	14	15
49	Image5D_bf2983_SPOT5.tif:4-4_3_15_3-4_1_1_4-3_1_0:350	120	394	14	15
50	Image5D_bf2983_SPOT5.tif:2-1_2_16_1-1_1_0-5_2-2_0-5:377	178	396	17	16
51	Image5D_bf2983_SPOT5.tif:3-1_2_16_2-2_1_1_3-2_1:377	157	395	17	16
52	Image5D_bf2983_SPOT5.tif:3-3_3_16_2-3_1_1_3-4_1:377	135	393	17	16
53	Image5D_bf2983_SPOT5.tif:4-1_3_16_3-2_1_1_4-2_1:377	174	412	17	16
54	Image5D_bf2983_SPOT5.tif:4-3_2_16_3-4_1_1_4-4_1:377	146	413	17	16
55	Image5D_bf2983_SPOT5.tif:2-1_2_17_1-1_1_0-5_2-2_0-5:399	177	396	15	17
56	Image5D_bf2983_SPOT5.tif:3-1_2_17_2-2_1_1_3-2_1:399	155	389	15	17
57	Image5D_bf2983_SPOT5.tif:3-3_3_17_2-3_1_1_3-4_1:399	135	391	15	17
58	Image5D_bf2983_SPOT5.tif:4-1_3_17_3-2_1_1_4-2_1:399	177	408	15	17
59	Image5D_bf2983_SPOT5.tif:4-3_2_17_3-4_1_1_4-4_1:399	141	408	15	17
60	Image5D_bf2983_SPOT5.tif:2-1_2_18_1-1_1_0-5_2-2_0-5:424	171	401	16	18
61	Image5D_bf2983_SPOT5.tif:3-1_2_18_2-2_1_1_3-2_1:424	151	403	16	18
62	Image5D_bf2983_SPOT5.tif:3-3_3_18_2-3_1_1_3-4_1_0:424	121	388	16	18
63	Image5D_bf2983_SPOT5.tif:4-1_3_18_3-2_1_1_4-2_1:424	168	423	16	18
64	Image5D_bf2983_SPOT5.tif:4-3_2_18_3-4_1_1_4-4_1:424	129	418	16	18
65	Image5D_bf2983_SPOT5.tif:3-5_3_19_2-1_1_1_3-6_1:446	178	393	14	19
66	Image5D_bf2983_SPOT5.tif:3-6_3_19_2-1_1_1_3-6_1:446	205	415	14	19
67	Image5D_bf2983_SPOT5.tif:4-1_3_19_3-2_1_1_4-2_1:446	180	410	14	19
68	Image5D_bf2983_SPOT5.tif:4-3_2_19_3-4_1_1_4-4_1:446	143	411	14	19
69	Image5D_bf2983_SPOT5.tif:4-5_2_19_3-1_1_1_4-6_1:446	161	394	14	19
70	Image5D_bf2983_SPOT5.tif:4-6_2_19_3-1_1_1_4-5_1:446	138	385	14	19
71	Image5D_bf2983_SPOT5.tif:3-5_3_20_2-1_1_1_3-6_1:470	188	387	14	20
72	Image5D_bf2983_SPOT5.tif:3-6_3_20_2-1_1_1_3-6_1:470	206	405	14	20
73	Image5D_bf2983_SPOT5.tif:4-1_3_20_3-2_1_1_4-2_1:470	185	406	14	20
74	Image5D_bf2983_SPOT5.tif:4-3_2_20_3-4_1_1_4-4_1:470	145	401	14	20
75	Image5D_bf2983_SPOT5.tif:4-5_2_20_3-1_1_1_4-6_1:470	161	384	14	20
76	Image5D_bf2983_SPOT5.tif:4-6_2_20_3-1_1_1_4-5_1:470	143	380	14	20
77	Image5D_bf2983_SPOT5.tif:3-5_3_21_2-1_1_1_3-6_1:493	185	388	13	21
78	Image5D_bf2983_SPOT5.tif:3-6_3_21_2-1_1_1_3-6_1:493	204	404	13	21
79	Image5D_bf2983_SPOT5.tif:4-1_3_21_3-2_1_1_4-2_1:493	180	402	13	21
80	Image5D_bf2983_SPOT5.tif:4-3_2_21_3-4_1_1_4-4_1:493	144	403	13	21
81	Image5D_bf2983_SPOT5.tif:4-5_2_21_3-1_1_1_4-6_1:493	157	383	13	21
82	Image5D_bf2983_SPOT5.tif:4-6_2_21_3-1_1_1_4-5_1:493	140	381	13	21
83	Image5D_bf2983_SPOT5.tif:3-5_3_22_2-1_1_1_3-6_1:517	183	384	13	22
84	Image5D_bf2983_SPOT5.tif:3-6_3_22_2-1_1_1_3-6_1:517	206	401	13	22
85	Image5D_bf2983_SPOT5.tif:4-1_3_22_3-2_1_1_4-2_1:518	175	399	14	22
86	Image5D_bf2983_SPOT5.tif:4-5_2_22_3-1_1_1_4-6_1:518	160	385	14	22
87	Image5D_bf2983_SPOT5.tif:4-6_2_22_3-1_1_1_4-5_1:518	136	381	14	22
88	Image5D_bf2983_SPOT5.tif:5-1_3_22_4-3_1_1_5-2_1:518	145	350	14	22
89	Image5D_bf2983_SPOT5.tif:5-2_2_22_4-3_1_1_5-1_1:518	148	405	14	22
90	Image5D_bf2983_SPOT5.tif:3-5_3_23_2-1_1_1_3-6_1:540	188	390	12	23
91	Image5D_bf2983_SPOT5.tif:3-6_3_23_2-1_1_1_3-6_1:540	212	408	12	23
92	Image5D_bf2983_SPOT5.tif:4-1_3_23_3-2_1_1_4-2_1:541	183	404	13	23
93	Image5D_bf2983_SPOT5.tif:4-5_2_23_3-1_1_1_4-6_1:541	169	387	13	23
94	Image5D_bf2983_SPOT5.tif:5-1_3_23_4-3_1_1_5-2_1:541	153	346	13	23
95	Image5D_bf2983_SPOT5.tif:5-3_3_23_4-6_1_1_5-4_1:544	139	381	16	23
96	Image5D_bf2983_SPOT5.tif:5-4_3_23_4-6_1_1_5-3_1:541	152	359	13	23
97	Image5D_bf2983_SPOT5.tif:6-1_3_23_5-2_1_1_6-2_1:543	141	408	15	23
98	Image5D_bf2983_SPOT5.tif:6-2_3_23_5-2_1_1_6-1_1:543	153	403	15	23
99	Image5D_bf2983_SPOT5.tif:3-5_3_24_2-1_1_1_3-6_1:566	181	398	14	24
100	Image5D_bf2983_SPOT5.tif:3-6_3_24_2-1_1_1_3-6_1:564	208	419	12	24
101	Image5D_bf2983_SPOT5.tif:4-1_3_24_3-2_1_1_4-2_1:567	178	416	15	24
102	Image5D_bf2983_SPOT5.tif:4-5_2_24_3-1_1_1_4-6_1:567	161	398	15	24
103	Image5D_bf2983_SPOT5.tif:5-1_3_24_4-3_1_1_5-2_1:567	144	358	15	24
104	Image5D_bf2983_SPOT5.tif:5-3_3_24_4-6_1_1_5-4_1:567	131	393	15	24
105	Image5D_bf2983_SPOT5.tif:5-4_3_24_4-6_1_1_5-3_1:567	141	377	15	24
106	Image5D_bf2983_SPOT5.tif:6-1_3_24_5-2_1_1_6-2_1:569	136	421	17	24
107	Image5D_bf2983_SPOT5.tif:6-2_3_24_5-2_1_1_6-1_1:567	152	484	15	24
108	Image5D_bf2983_SPOT5.tif:3-5_3_25_2-1_1_1_3-6_1:588	182	407	12	25
109	Image5D_bf2983_SPOT5.tif:3-6_3_25_2-1_1_1_3-6_1:588	211	432	12	25
110	Image5D_bf2983_SPOT5.tif:4-1_3_25_3-2_1_1_4-2_1:590	175	425	14	25
111	Image5D_bf2983_SPOT5.tif:4-5_2_25_3-1_1_1_4-6_1:591	158	401	15	25
112	Image5D_bf2983_SPOT5.tif:5-1_3_25_4-3_1_1_5-2_1:591	143	362	15	25
113	Image5D_bf2983_SPOT5.tif:5-3_3_25_4-6_1_1_5-4_1:591	137	402	15	25
114	Image5D_bf2983_SPOT5.tif:5-4_3_25_4-6_1_1_5-3_1:591	141	381	15	25
115	Image5D_bf2983_SPOT5.tif:6-1_3_25_5-2_1_1_6-2_1:591	142	426	15	25
116	Image5D_bf2983_SPOT5.tif:6-2_3_25_5-2_1_1_6-1_1_0:591	152	493	15	25
117	Image5D_bf2983_SPOT5.tif:3-5_3_26_2-1_1_1_3-6_1:614	189	403	14	26
118	Image5D_bf2983_SPOT5.tif:3-6_3_26_2-1_1_1_3-6_1:612	215	429	12	26
119	Image5D_bf2983_SPOT5.tif:4-1_3_26_3-2_1_1_4-2_1:615	182	420	15	26
120	Image5D_bf2983_SPOT5.tif:4-5_2_26_3-1_1_1_4-6_1:615	162	404	15	26
121	Image5D_bf2983_SPOT5.tif:5-1_3_26_4-3_1_1_5-2_1:615	148	364	15	26
122	Image5D_bf2983_SPOT5.tif:5-3_3_26_4-6_1_1_5-4_1:615	139	403	15	26
123	Image5D_bf2983_SPOT5.tif:5-4_3_26_4-6_1_1_5-3_1:615	151	376	15	26
124	Image5D_bf2983_SPOT5.tif:6-1_3_26_5-2_1_1_6-2_1:615	147	421	15	26
125	Image5D_bf2983_SPOT5.tif:3-5_3_27_2-1_1_1_3-6_1:635	188	401	11	27
126	Image5D_bf2983_SPOT5.tif:3-6_3_27_2-1_1_1_3-6_1:635	216	422	11	27
127	Image5D_bf2983_SPOT5.tif:4-1_3_27_3-2_1_1_4-2_1:637	182	415	13	27
128	Image5D_bf2983_SPOT5.tif:4-5_2_27_3-1_1_1_4-6_1:637	168	394	13	27
129	Image5D_bf2983_SPOT5.tif:5-1_3_27_4-3_1_1_5-2_1:637	150	353	13	27
130	Image5D_bf2983_SPOT5.tif:5-3_3_27_4-6_1_1_5-4_1:637	140	394	13	27
131	Image5D_bf2983_SPOT5.tif:5-4_3_27_4-6_1_1_5-3_1:637	149	369	13	27
132	Image5D_bf2983_SPOT5.tif:6-1_3_27_5-2_1_1_6-2_1:637	148	416	13	27
133	Image5D_bf2983_SPOT5.tif:3-5_3_28_2-1_1_1_3-6_1:661	186	408	13	28
134	Image5D_bf2983_SPOT5.tif:3-6_3_28_2-1_1_1_3-6_1:661	216	426	13	28
135	Image5D_bf2983_SPOT5.tif:4-1_3_28_3-2_1_1_4-2_1_0:661	181	422	13	28
136	Image5D_bf2983_SPOT5.tif:4-5_2_28_3-1_1_1_4-6_1:661	163	402	13	28
137	Image5D_bf2983_SPOT5.tif:5-1_3_28_4-3_1_1_5-2_1:661	154	363	13	28
138	Image5D_bf2983_SPOT5.tif:5-3_3_28_4-6_1_1_5-4_1_0:661	145	398	13	28
139	Image5D_bf2983_SPOT5.tif:5-4_3_28_4-6_1_1_5-3_1:661	151	379	13	28
140	Image5D_bf2983_SPOT5.tif:6-1_3_28_5-2_1_1_6-2_1_0:661	155	422	13	28
141	Image5D_bf2983_SPOT5.tif:3-5_3_29_2-1_1_1_3-6_1:683	180	407	11	29
142	Image5D_bf2983_SPOT5.tif:3-6_3_29_2-1_1_1_3-6_1:683	205	429	11	29
143	Image5D_bf2983_SPOT5.tif:4-5_2_29_3-1_1_1_4-6_1:685	151	399	13	29
144	Image5D_bf2983_SPOT5.tif:5-1_3_29_4-3_1_1_5-2_1:685	140	358	13	29
145	Image5D_bf2983_SPOT5.tif:5-4_3_29_4-6_1_1_5-3_1:685	147	373	13	29
146	Image5D_bf2983_SPOT5.tif:3-5_3_30_2-1_1_1_3-6_1:709	182	354	13	30
147	Image5D_bf2983_SPOT5.tif:3-6_3_30_2-1_1_1_3-6_1:709	208	370	13	30
148	Image5D_bf2983_SPOT5.tif:4-5_2_30_3-1_1_1_4-6_1:710	152	335	14	30
149	Image5D_bf2983_SPOT5.tif:5-1_3_30_4-3_1_1_5-2_1:710	139	305	14	30
150	Image5D_bf2983_SPOT5.tif:5-4_3_30_4-6_1_1_5-3_1:710	146	318	14	30
151	Image5D_bf2983_SPOT5.tif:3-5_3_31_2-1_1_1_3-6_1:734	183	408	14	31
152	Image5D_bf2983_SPOT5.tif:3-6_3_31_2-1_1_1_3-6_1:734	212	427	14	31
153	Image5D_bf2983_SPOT5.tif:4-5_2_31_3-1_1_1_4-6_1:736	153	391	16	31
154	Image5D_bf2983_SPOT5.tif:5-1_3_31_4-3_1_1_5-2_1:734	142	357	14	31
155	Image5D_bf2983_SPOT5.tif:5-4_3_31_4-6_1_1_5-3_1:734	151	375	14	31
156	Image5D_bf2983_SPOT5.tif:3-5_3_32_2-1_1_1_3-6_1:758	181	408	14	32
157	Image5D_bf2983_SPOT5.tif:3-6_3_32_2-1_1_1_3-6_1:758	217	432	14	32
158	Image5D_bf2983_SPOT5.tif:4-5_2_32_3-1_1_1_4-6_1:758	153	393	14	32
159	Image5D_bf2983_SPOT5.tif:5-1_3_32_4-3_1_1_5-2_1:758	144	360	14	32
160	Image5D_bf2983_SPOT5.tif:5-4_3_32_4-6_1_1_5-3_1:758	153	374	14	32
161	Image5D_bf2983_SPOT5.tif:3-5_3_33_2-1_1_1_3-6_1:781	177	400	13	33
162	Image5D_bf2983_SPOT5.tif:3-6_3_33_2-1_1_1_3-6_1:781	215	422	13	33
163	Image5D_bf2983_SPOT5.tif:4-5_2_33_3-1_1_1_4-6_1:781	153	383	13	33
164	Image5D_bf2983_SPOT5.tif:5-1_3_33_4-3_1_1_5-2_1:781	136	353	13	33
165	Image5D_bf2983_SPOT5.tif:5-4_3_33_4-6_1_1_5-3_1:781	143	372	13	33
166	Image5D_bf2983_SPOT5.tif:3-5_3_34_2-1_1_1_3-6_1:805	177	406	13	34
167	Image5D_bf2983_SPOT5.tif:3-6_3_34_2-1_1_1_3-6_1:805	211	428	13	34
168	Image5D_bf2983_SPOT5.tif:4-5_2_34_3-1_1_1_4-6_1:805	146	389	13	34
169	Image5D_bf2983_SPOT5.tif:5-1_3_34_4-3_1_1_5-2_1:805	139	356	13	34
170	Image5D_bf2983_SPOT5.tif:5-4_3_34_4-6_1_1_5-3_1:805	147	372	13	34
171	Image5D_bf2983_SPOT5.tif:3-5_3_35_2-1_1_1_3-6_1:828	176	402	12	35
172	Image5D_bf2983_SPOT5.tif:3-6_3_35_2-1_1_1_3-6_1:828	212	429	12	35
173	Image5D_bf2983_SPOT5.tif:5-1_3_35_4-3_1_1_5-2_1:828	133	353	12	35
174	Image5D_bf2983_SPOT5.tif:5-4_3_35_4-6_1_1_5-3_1:828	139	368	12	35
175	Image5D_bf2983_SPOT5.tif:5-5_3_35_4-5_1_1_5-6_1:829	149	379	13	35
176	Image5D_bf2983_SPOT5.tif:5-6_3_35_4-5_1_1_5-6_1:829	147	393	13	35
177	Image5D_bf2983_SPOT5.tif:3-5_3_36_2-1_1_1_3-6_1:855	187	396	15	36
178	Image5D_bf2983_SPOT5.tif:3-6_3_36_2-1_1_1_3-6_1:855	217	425	15	36
179	Image5D_bf2983_SPOT5.tif:5-1_3_36_4-3_1_1_5-2_1:855	143	344	15	36
180	Image5D_bf2983_SPOT5.tif:5-4_3_36_4-6_1_1_5-3_1:855	158	355	15	36
181	Image5D_bf2983_SPOT5.tif:5-5_3_36_4-5_1_1_5-6_1:858	148	383	18	36
182	Image5D_bf2983_SPOT5.tif:5-6_3_36_4-5_1_1_5-6_1:858	162	394	18	36
183	Image5D_bf2983_SPOT5.tif:3-5_3_37_2-1_1_1_3-6_1:880	183	400	16	37
184	Image5D_bf2983_SPOT5.tif:3-6_3_37_2-1_1_1_3-6_1:880	214	422	16	37
185	Image5D_bf2983_SPOT5.tif:5-1_3_37_4-3_1_1_5-2_1:880	146	350	16	37
186	Image5D_bf2983_SPOT5.tif:5-4_3_37_4-6_1_1_5-3_1:880	152	360	16	37
187	Image5D_bf2983_SPOT5.tif:5-5_3_37_4-5_1_1_5-6_1:882	156	383	18	37
188	Image5D_bf2983_SPOT5.tif:5-6_3_37_4-5_1_1_5-6_1:878	165	340	14	37
189	Image5D_bf2983_SPOT5.tif:3-5_3_38_2-1_1_1_3-6_1:905	174	409	17	38
190	Image5D_bf2983_SPOT5.tif:3-6_3_38_2-1_1_1_3-6_1:905	210	429	17	38
191	Image5D_bf2983_SPOT5.tif:5-1_3_38_4-3_1_1_5-2_1:905	134	354	17	38
192	Image5D_bf2983_SPOT5.tif:5-4_3_38_4-6_1_1_5-3_1:905	144	361	17	38
193	Image5D_bf2983_SPOT5.tif:5-5_3_38_4-5_1_1_5-6_1:905	138	376	17	38
194	Image5D_bf2983_SPOT5.tif:5-6_3_38_4-5_1_1_5-6_1:904	154	339	16	38
195	Image5D_bf2983_SPOT5.tif:3-5_3_39_2-1_1_1_3-6_1:928	170	397	16	39
196	Image5D_bf2983_SPOT5.tif:3-6_3_39_2-1_1_1_3-6_1:928	202	424	16	39
197	Image5D_bf2983_SPOT5.tif:5-1_3_39_4-3_1_1_5-2_1:928	130	346	16	39
198	Image5D_bf2983_SPOT5.tif:5-4_3_39_4-6_1_1_5-3_1:928	132	367	16	39
199	Image5D_bf2983_SPOT5.tif:5-5_3_39_4-5_1_1_5-6_1:928	150	356	16	39
200	Image5D_bf2983_SPOT5.tif:5-6_3_39_4-5_1_1_5-6_1_0:928	159	323	16	39
201	Image5D_bf2983_SPOT5.tif:3-5_3_40_2-1_1_1_3-6_1:952	180	405	16	40
202	Image5D_bf2983_SPOT5.tif:3-6_3_40_2-1_1_1_3-6_1:952	212	431	16	40
203	Image5D_bf2983_SPOT5.tif:5-1_3_40_4-3_1_1_5-2_1:952	138	353	16	40
204	Image5D_bf2983_SPOT5.tif:5-4_3_40_4-6_1_1_5-3_1:952	147	373	16	40
205	Image5D_bf2983_SPOT5.tif:5-5_3_40_4-5_1_1_5-6_1:952	161	361	16	40
206	Image5D_bf2983_SPOT5.tif:3-5_3_41_2-1_1_1_3-6_1:974	169	411	14	41
207	Image5D_bf2983_SPOT5.tif:3-6_3_41_2-1_1_1_3-6_1:974	207	429	14	41
208	Image5D_bf2983_SPOT5.tif:5-1_3_41_4-3_1_1_5-2_1:974	133	356	14	41
209	Image5D_bf2983_SPOT5.tif:5-4_3_41_4-6_1_1_5-3_1:974	139	379	14	41
210	Image5D_bf2983_SPOT5.tif:5-5_3_41_4-5_1_1_5-6_1:974	152	367	14	41
211	Image5D_bf2983_SPOT5.tif:3-5_3_42_2-1_1_1_3-6_1:998	171	410	14	42
212	Image5D_bf2983_SPOT5.tif:3-6_3_42_2-1_1_1_3-6_1:998	206	425	14	42
213	Image5D_bf2983_SPOT5.tif:5-1_3_42_4-3_1_1_5-2_1:998	133	349	14	42
214	Image5D_bf2983_SPOT5.tif:5-4_3_42_4-6_1_1_5-3_1:998	142	372	14	42
215	Image5D_bf2983_SPOT5.tif:5-5_3_42_4-5_1_1_5-6_1:998	154	359	14	42
216	Image5D_bf2983_SPOT5.tif:3-5_3_43_2-1_1_1_3-6_1:1022	169	405	14	43
217	Image5D_bf2983_SPOT5.tif:3-6_3_43_2-1_1_1_3-6_1:1022	200	426	14	43
218	Image5D_bf2983_SPOT5.tif:5-1_3_43_4-3_1_1_5-2_1:1022	130	350	14	43
219	Image5D_bf2983_SPOT5.tif:5-4_3_43_4-6_1_1_5-3_1:1022	133	370	14	43
220	Image5D_bf2983_SPOT5.tif:5-5_3_43_4-5_1_1_5-6_1:1022	147	362	14	43
221	Image5D_bf2983_SPOT5.tif:3-5_3_44_2-1_1_1_3-6_1:1046	178	406	14	44
222	Image5D_bf2983_SPOT5.tif:3-6_3_44_2-1_1_1_3-6_1:1046	210	427	14	44
223	Image5D_bf2983_SPOT5.tif:5-1_3_44_4-3_1_1_5-2_1:1046	135	351	14	44
224	Image5D_bf2983_SPOT5.tif:5-4_3_44_4-6_1_1_5-3_1:1046	145	376	14	44
225	Image5D_bf2983_SPOT5.tif:5-5_3_44_4-5_1_1_5-6_1:1046	153	360	14	44
226	Image5D_bf2983_SPOT5.tif:3-5_3_45_2-1_1_1_3-6_1:1070	174	405	14	45
227	Image5D_bf2983_SPOT5.tif:3-6_3_45_2-1_1_1_3-6_1:1070	206	428	14	45
228	Image5D_bf2983_SPOT5.tif:5-1_3_45_4-3_1_1_5-2_1:1070	136	350	14	45
229	Image5D_bf2983_SPOT5.tif:5-4_3_45_4-6_1_1_5-3_1:1070	141	373	14	45
230	Image5D_bf2983_SPOT5.tif:5-5_3_45_4-5_1_1_5-6_1:1070	151	359	14	45
231	Image5D_bf2983_SPOT5.tif:3-5_3_46_2-1_1_1_3-6_1:1095	171	408	15	46
232	Image5D_bf2983_SPOT5.tif:3-6_3_46_2-1_1_1_3-6_1:1095	203	436	15	46
233	Image5D_bf2983_SPOT5.tif:5-1_3_46_4-3_1_1_5-2_1:1095	128	354	15	46
234	Image5D_bf2983_SPOT5.tif:5-4_3_46_4-6_1_1_5-3_1:1095	140	375	15	46
235	Image5D_bf2983_SPOT5.tif:5-5_3_46_4-5_1_1_5-6_1:1095	153	358	15	46
236	Image5D_bf2983_SPOT5.tif:3-5_3_47_2-1_1_1_3-6_1:1117	178	410	13	47
237	Image5D_bf2983_SPOT5.tif:3-6_3_47_2-1_1_1_3-6_1:1117	210	433	13	47
238	Image5D_bf2983_SPOT5.tif:5-1_3_47_4-3_1_1_5-2_1:1117	142	350	13	47
239	Image5D_bf2983_SPOT5.tif:5-4_3_47_4-6_1_1_5-3_1:1117	144	370	13	47
240	Image5D_bf2983_SPOT5.tif:5-5_3_47_4-5_1_1_5-6_1:1117	162	364	13	47
241	Image5D_bf2983_SPOT5.tif:3-5_3_48_2-1_1_1_3-6_1:1140	179	407	12	48
242	Image5D_bf2983_SPOT5.tif:3-6_3_48_2-1_1_1_3-6_1:1140	216	430	12	48
243	Image5D_bf2983_SPOT5.tif:5-1_3_48_4-3_1_1_5-2_1:1140	140	351	12	48
244	Image5D_bf2983_SPOT5.tif:5-4_3_48_4-6_1_1_5-3_1_0:1140	140	376	12	48
245	Image5D_bf2983_SPOT5.tif:5-5_3_48_4-5_1_1_5-6_1:1140	155	363	12	48
246	Image5D_bf2983_SPOT5.tif:3-5_3_49_2-1_1_1_3-6_1:1166	166	410	14	49
247	Image5D_bf2983_SPOT5.tif:3-6_3_49_2-1_1_1_3-6_1:1166	203	438	14	49
248	Image5D_bf2983_SPOT5.tif:5-1_3_49_4-3_1_1_5-2_1:1166	130	355	14	49
249	Image5D_bf2983_SPOT5.tif:5-5_3_49_4-5_1_1_5-6_1:1166	148	370	14	49
250	Image5D_bf2983_SPOT5.tif:3-5_3_50_2-1_1_1_3-6_1:1190	172	414	14	50
251	Image5D_bf2983_SPOT5.tif:3-6_3_50_2-1_1_1_3-6_1:1190	204	438	14	50
252	Image5D_bf2983_SPOT5.tif:5-1_3_50_4-3_1_1_5-2_1:1190	136	354	14	50
253	Image5D_bf2983_SPOT5.tif:5-5_3_50_4-5_1_1_5-6_1:1190	148	363	14	50
254	Image5D_bf2983_SPOT5.tif:3-5_3_51_2-1_1_1_3-6_1:1212	167	409	12	51
255	Image5D_bf2983_SPOT5.tif:3-6_3_51_2-1_1_1_3-6_1:1212	199	432	12	51
256	Image5D_bf2983_SPOT5.tif:5-1_3_51_4-3_1_1_5-2_1:1212	132	353	12	51
257	Image5D_bf2983_SPOT5.tif:5-5_3_51_4-5_1_1_5-6_1:1212	140	371	12	51
258	Image5D_bf2983_SPOT5.tif:3-5_3_52_2-1_1_1_3-6_1:1236	165	410	12	52
259	Image5D_bf2983_SPOT5.tif:3-6_3_52_2-1_1_1_3-6_1:1236	199	436	12	52
260	Image5D_bf2983_SPOT5.tif:5-1_3_52_4-3_1_1_5-2_1:1236	125	355	12	52
261	Image5D_bf2983_SPOT5.tif:5-5_3_52_4-5_1_1_5-6_1:1236	140	366	12	52
262	Image5D_bf2983_SPOT5.tif:3-5_3_53_2-1_1_1_3-6_1:1262	175	411	14	53
263	Image5D_bf2983_SPOT5.tif:3-6_3_53_2-1_1_1_3-6_1:1262	210	433	14	53
264	Image5D_bf2983_SPOT5.tif:5-1_3_53_4-3_1_1_5-2_1:1262	137	349	14	53
265	Image5D_bf2983_SPOT5.tif:5-5_3_53_4-5_1_1_5-6_1:1262	150	364	14	53
266	Image5D_bf2983_SPOT5.tif:3-5_3_54_2-1_1_1_3-6_1:1286	178	411	14	54
267	Image5D_bf2983_SPOT5.tif:3-6_3_54_2-1_1_1_3-6_1:1286	210	437	14	54
268	Image5D_bf2983_SPOT5.tif:5-1_3_54_4-3_1_1_5-2_1:1286	139	349	14	54
269	Image5D_bf2983_SPOT5.tif:5-5_3_54_4-5_1_1_5-6_1:1286	150	369	14	54
270	Image5D_bf2983_SPOT5.tif:3-5_3_55_2-1_1_1_3-6_1:1310	175	411	14	55
271	Image5D_bf2983_SPOT5.tif:3-6_3_55_2-1_1_1_3-6_1:1310	208	439	14	55
272	Image5D_bf2983_SPOT5.tif:5-1_3_55_4-3_1_1_5-2_1:1310	129	361	14	55
273	Image5D_bf2983_SPOT5.tif:5-5_3_55_4-5_1_1_5-6_1:1310	148	368	14	55
274	Image5D_bf2983_SPOT5.tif:3-5_3_56_2-1_1_1_3-6_1:1334	181	417	14	56
275	Image5D_bf2983_SPOT5.tif:3-6_3_56_2-1_1_1_3-6_1:1334	217	437	14	56
276	Image5D_bf2983_SPOT5.tif:5-1_3_56_4-3_1_1_5-2_1:1334	143	353	14	56
277	Image5D_bf2983_SPOT5.tif:5-5_3_56_4-5_1_1_5-6_1:1334	154	369	14	56
278	Image5D_bf2983_SPOT5.tif:3-5_3_57_2-1_1_1_3-6_1:1357	168	409	13	57
279	Image5D_bf2983_SPOT5.tif:3-6_3_57_2-1_1_1_3-6_1:1357	203	433	13	57
280	Image5D_bf2983_SPOT5.tif:5-1_3_57_4-3_1_1_5-2_1:1357	134	357	13	57
281	Image5D_bf2983_SPOT5.tif:5-5_3_57_4-5_1_1_5-6_1:1357	149	367	13	57
282	Image5D_bf2983_SPOT5.tif:3-5_3_58_2-1_1_1_3-6_1:1381	173	407	13	58
283	Image5D_bf2983_SPOT5.tif:3-6_3_58_2-1_1_1_3-6_1:1381	207	432	13	58
284	Image5D_bf2983_SPOT5.tif:5-1_3_58_4-3_1_1_5-2_1:1381	132	348	13	58
285	Image5D_bf2983_SPOT5.tif:5-5_3_58_4-5_1_1_5-6_1:1381	145	363	13	58
286	Image5D_bf2983_SPOT5.tif:3-5_3_59_2-1_1_1_3-6_1:1405	162	408	13	59
287	Image5D_bf2983_SPOT5.tif:3-6_3_59_2-1_1_1_3-6_1:1405	201	435	13	59
288	Image5D_bf2983_SPOT5.tif:5-1_3_59_4-3_1_1_5-2_1:1405	127	351	13	59
289	Image5D_bf2983_SPOT5.tif:5-5_3_59_4-5_1_1_5-6_1:1405	145	362	13	59
290	Image5D_bf2983_SPOT5.tif:3-5_3_60_2-1_1_1_3-6_1:1430	168	411	14	60
291	Image5D_bf2983_SPOT5.tif:3-6_3_60_2-1_1_1_3-6_1:1430	209	434	14	60
292	Image5D_bf2983_SPOT5.tif:5-1_3_60_4-3_1_1_5-2_1:1430	137	358	14	60
293	Image5D_bf2983_SPOT5.tif:5-5_3_60_4-5_1_1_5-6_1:1430	150	369	14	60
294	Image5D_bf2983_SPOT5.tif:3-5_3_61_2-1_1_1_3-6_1:1454	174	411	14	61
295	Image5D_bf2983_SPOT5.tif:3-6_3_61_2-1_1_1_3-6_1:1454	209	435	14	61
296	Image5D_bf2983_SPOT5.tif:5-1_3_61_4-3_1_1_5-2_1:1454	135	356	14	61
297	Image5D_bf2983_SPOT5.tif:5-5_3_61_4-5_1_1_5-6_1:1454	148	369	14	61
298	Image5D_bf2983_SPOT5.tif:3-5_3_62_2-1_1_1_3-6_1:1478	167	410	14	62
299	Image5D_bf2983_SPOT5.tif:3-6_3_62_2-1_1_1_3-6_1:1478	205	440	14	62
300	Image5D_bf2983_SPOT5.tif:5-1_3_62_4-3_1_1_5-2_1:1478	130	353	14	62
301	Image5D_bf2983_SPOT5.tif:5-5_3_62_4-5_1_1_5-6_1:1478	145	369	14	62
302	Image5D_bf2983_SPOT5.tif:3-5_3_63_2-1_1_1_3-6_1:1502	173	412	14	63
303	Image5D_bf2983_SPOT5.tif:3-6_3_63_2-1_1_1_3-6_1:1502	213	435	14	63
304	Image5D_bf2983_SPOT5.tif:5-1_3_63_4-3_1_1_5-2_1:1502	138	355	14	63
305	Image5D_bf2983_SPOT5.tif:5-5_3_63_4-5_1_1_5-6_1:1502	151	365	14	63
306	Image5D_bf2983_SPOT5.tif:3-5_3_64_2-1_1_1_3-6_1:1526	177	403	14	64
307	Image5D_bf2983_SPOT5.tif:3-6_3_64_2-1_1_1_3-6_1:1526	214	426	14	64
308	Image5D_bf2983_SPOT5.tif:5-1_3_64_4-3_1_1_5-2_1:1526	137	343	14	64
309	Image5D_bf2983_SPOT5.tif:5-5_3_64_4-5_1_1_5-6_1:1526	151	355	14	64
310	Image5D_bf2983_SPOT5.tif:3-5_3_65_2-1_1_1_3-6_1:1550	189	327	14	65
311	Image5D_bf2983_SPOT5.tif:3-6_3_65_2-1_1_1_3-6_1:1550	233	348	14	65
312	Image5D_bf2983_SPOT5.tif:5-1_3_65_4-3_1_1_5-2_1:1550	153	266	14	65
313	Image5D_bf2983_SPOT5.tif:5-5_3_65_4-5_1_1_5-6_1:1550	167	286	14	65
314	Image5D_bf2983_SPOT5.tif:3-5_3_66_2-1_1_1_3-6_1:1574	192	321	14	66
315	Image5D_bf2983_SPOT5.tif:3-6_3_66_2-1_1_1_3-6_1:1574	225	342	14	66
316	Image5D_bf2983_SPOT5.tif:5-1_3_66_4-3_1_1_5-2_1:1574	154	265	14	66
317	Image5D_bf2983_SPOT5.tif:5-5_3_66_4-5_1_1_5-6_1:1574	169	276	14	66
318	Image5D_bf2983_SPOT5.tif:3-5_3_67_2-1_1_1_3-6_1:1598	196	318	14	67
319	Image5D_bf2983_SPOT5.tif:3-6_3_67_2-1_1_1_3-6_1:1598	231	345	14	67
320	Image5D_bf2983_SPOT5.tif:5-1_3_67_4-3_1_1_5-2_1:1598	165	257	14	67
321	Image5D_bf2983_SPOT5.tif:5-5_3_67_4-5_1_1_5-6_1:1598	168	270	14	67
322	Image5D_bf2983_SPOT5.tif:3-5_3_68_2-1_1_1_3-6_1:1622	205	319	14	68
323	Image5D_bf2983_SPOT5.tif:3-6_3_68_2-1_1_1_3-6_1:1622	237	336	14	68
324	Image5D_bf2983_SPOT5.tif:5-1_3_68_4-3_1_1_5-2_1:1622	163	257	14	68
325	Image5D_bf2983_SPOT5.tif:5-5_3_68_4-5_1_1_5-6_1:1622	173	275	14	68
326	Image5D_bf2983_SPOT5.tif:3-5_3_69_2-1_1_1_3-6_1:1646	169	405	14	69
327	Image5D_bf2983_SPOT5.tif:3-6_3_69_2-1_1_1_3-6_1:1646	205	426	14	69
328	Image5D_bf2983_SPOT5.tif:5-1_3_69_4-3_1_1_5-2_1:1646	123	347	14	69
329	Image5D_bf2983_SPOT5.tif:5-5_3_69_4-5_1_1_5-6_1:1646	135	358	14	69
330	Image5D_bf2983_SPOT5.tif:3-5_3_70_2-1_1_1_3-6_1:1670	164	415	14	70
331	Image5D_bf2983_SPOT5.tif:3-6_3_70_2-1_1_1_3-6_1:1670	196	432	14	70
332	Image5D_bf2983_SPOT5.tif:5-1_3_70_4-3_1_1_5-2_1:1670	124	357	14	70
333	Image5D_bf2983_SPOT5.tif:5-5_3_70_4-5_1_1_5-6_1:1670	139	368	14	70
334	Image5D_bf2983_SPOT5.tif:3-5_3_71_2-1_1_1_3-6_1:1694	162	409	14	71
335	Image5D_bf2983_SPOT5.tif:3-6_3_71_2-1_1_1_3-6_1:1694	198	436	14	71
336	Image5D_bf2983_SPOT5.tif:5-1_3_71_4-3_1_1_5-2_1:1694	126	356	14	71
337	Image5D_bf2983_SPOT5.tif:5-5_3_71_4-5_1_1_5-6_1:1694	137	367	14	71
338	Image5D_bf2983_SPOT5.tif:3-5_3_72_2-1_1_1_3-6_1:1718	174	410	14	72
339	Image5D_bf2983_SPOT5.tif:3-6_3_72_2-1_1_1_3-6_1:1718	206	430	14	72
340	Image5D_bf2983_SPOT5.tif:5-1_3_72_4-3_1_1_5-2_1:1718	129	353	14	72
341	Image5D_bf2983_SPOT5.tif:5-5_3_72_4-5_1_1_5-6_1:1718	143	363	14	72
342	Image5D_bf2983_SPOT5.tif:3-5_3_73_2-1_1_1_3-6_1:1742	162	410	14	73
343	Image5D_bf2983_SPOT5.tif:3-6_3_73_2-1_1_1_3-6_1:1742	199	434	14	73
344	Image5D_bf2983_SPOT5.tif:5-1_3_73_4-3_1_1_5-2_1:1742	122	353	14	73
345	Image5D_bf2983_SPOT5.tif:5-5_3_73_4-5_1_1_5-6_1:1742	139	359	14	73
346	Image5D_bf2983_SPOT5.tif:3-5_3_74_2-1_1_1_3-6_1:1766	167	412	14	74
347	Image5D_bf2983_SPOT5.tif:3-6_3_74_2-1_1_1_3-6_1:1766	196	428	14	74
348	Image5D_bf2983_SPOT5.tif:5-1_3_74_4-3_1_1_5-2_1:1766	124	351	14	74
349	Image5D_bf2983_SPOT5.tif:5-5_3_74_4-5_1_1_5-6_1:1766	137	368	14	74
350	Image5D_bf2983_SPOT5.tif:3-5_3_75_2-1_1_1_3-6_1:1790	167	412	14	75
351	Image5D_bf2983_SPOT5.tif:3-6_3_75_2-1_1_1_3-6_1:1790	200	434	14	75
352	Image5D_bf2983_SPOT5.tif:5-1_3_75_4-3_1_1_5-2_1:1790	124	355	14	75
353	Image5D_bf2983_SPOT5.tif:5-5_3_75_4-5_1_1_5-6_1:1790	138	366	14	75
354	Image5D_bf2983_SPOT5.tif:3-5_3_76_2-1_1_1_3-6_1:1814	168	407	14	76
355	Image5D_bf2983_SPOT5.tif:3-6_3_76_2-1_1_1_3-6_1:1814	201	427	14	76
356	Image5D_bf2983_SPOT5.tif:5-1_3_76_4-3_1_1_5-2_1:1814	129	352	14	76
357	Image5D_bf2983_SPOT5.tif:5-5_3_76_4-5_1_1_5-6_1:1814	140	362	14	76
358	Image5D_bf2983_SPOT5.tif:3-5_3_77_2-1_1_1_3-6_1:1838	160	403	14	77
359	Image5D_bf2983_SPOT5.tif:3-6_3_77_2-1_1_1_3-6_1:1838	197	426	14	77
360	Image5D_bf2983_SPOT5.tif:5-1_3_77_4-3_1_1_5-2_1:1838	118	351	14	77
361	Image5D_bf2983_SPOT5.tif:5-5_3_77_4-5_1_1_5-6_1:1838	133	360	14	77
362	Image5D_bf2983_SPOT5.tif:3-5_3_78_2-1_1_1_3-6_1:1862	158	412	14	78
363	Image5D_bf2983_SPOT5.tif:3-6_3_78_2-1_1_1_3-6_1:1862	198	430	14	78
364	Image5D_bf2983_SPOT5.tif:5-1_3_78_4-3_1_1_5-2_1:1862	121	353	14	78
365	Image5D_bf2983_SPOT5.tif:5-5_3_78_4-5_1_1_5-6_1:1862	134	367	14	78
366	Image5D_bf2983_SPOT5.tif:3-5_3_79_2-1_1_1_3-6_1:1886	164	387	14	79
367	Image5D_bf2983_SPOT5.tif:3-6_3_79_2-1_1_1_3-6_1:1886	195	411	14	79
368	Image5D_bf2983_SPOT5.tif:5-1_3_79_4-3_1_1_5-2_1:1886	124	331	14	79
369	Image5D_bf2983_SPOT5.tif:5-5_3_79_4-5_1_1_5-6_1:1886	137	349	14	79
370	Image5D_bf2983_SPOT5.tif:3-5_3_80_2-1_1_1_3-6_1:1910	158	402	14	80
371	Image5D_bf2983_SPOT5.tif:3-6_3_80_2-1_1_1_3-6_1:1910	189	418	14	80
372	Image5D_bf2983_SPOT5.tif:5-1_3_80_4-3_1_1_5-2_1:1910	111	345	14	80
373	Image5D_bf2983_SPOT5.tif:5-5_3_80_4-5_1_1_5-6_1:1910	133	353	14	80
374	Image5D_bf2983_SPOT5.tif:3-5_3_81_2-1_1_1_3-6_1:1934	140	416	14	81
375	Image5D_bf2983_SPOT5.tif:3-6_3_81_2-1_1_1_3-6_1:1934	176	431	14	81
376	Image5D_bf2983_SPOT5.tif:5-1_3_81_4-3_1_1_5-2_1:1934	105	356	14	81
377	Image5D_bf2983_SPOT5.tif:5-5_3_81_4-5_1_1_5-6_1:1934	113	370	14	81
378	Image5D_bf2983_SPOT5.tif:3-5_3_82_2-1_1_1_3-6_1:1958	150	407	14	82
379	Image5D_bf2983_SPOT5.tif:3-6_3_82_2-1_1_1_3-6_1:1958	187	434	14	82
380	Image5D_bf2983_SPOT5.tif:5-1_3_82_4-3_1_1_5-2_1:1958	111	351	14	82
381	Image5D_bf2983_SPOT5.tif:5-5_3_82_4-5_1_1_5-6_1:1958	118	364	14	82
382	Image5D_bf2983_SPOT5.tif:3-5_3_83_2-1_1_1_3-6_1:1982	158	406	14	83
383	Image5D_bf2983_SPOT5.tif:3-6_3_83_2-1_1_1_3-6_1:1982	186	428	14	83
384	Image5D_bf2983_SPOT5.tif:5-1_3_83_4-3_1_1_5-2_1:1982	112	350	14	83
385	Image5D_bf2983_SPOT5.tif:5-5_3_83_4-5_1_1_5-6_1:1982	122	362	14	83
386	Image5D_bf2983_SPOT5.tif:3-5_3_84_2-1_1_1_3-6_1:2003	146	415	11	84
387	Image5D_bf2983_SPOT5.tif:3-6_3_84_2-1_1_1_3-6_1:2003	183	434	11	84
388	Image5D_bf2983_SPOT5.tif:5-1_3_84_4-3_1_1_5-2_1:2003	103	358	11	84
389	Image5D_bf2983_SPOT5.tif:5-5_3_84_4-5_1_1_5-6_1:2003	116	370	11	84
390	Image5D_bf2983_SPOT5.tif:3-5_3_85_2-1_1_1_3-6_1:2027	155	407	11	85
391	Image5D_bf2983_SPOT5.tif:3-6_3_85_2-1_1_1_3-6_1:2027	186	431	11	85
392	Image5D_bf2983_SPOT5.tif:5-1_3_85_4-3_1_1_5-2_1:2027	111	359	11	85
393	Image5D_bf2983_SPOT5.tif:5-5_3_85_4-5_1_1_5-6_1:2027	136	367	11	85
