 	Label	X	Y	Slice	Frame
1	Image5D_bf2983_SPOT7.tif:1-1_1_1_NA_NA_1_1_NA_1:14	256.000	197.333	14	1
2	Image5D_bf2983_SPOT7.tif:1-1_1_2_NA_NA_1_1_NA_1:37	265.333	194.000	14	2
3	Image5D_bf2983_SPOT7.tif:1-1_1_3_NA_NA_1_1_NA_1:60	271.333	191.333	14	3
4	Image5D_bf2983_SPOT7.tif:1-1_1_4_NA_NA_1_1_NA_1:84	272.667	202.000	15	4
5	Image5D_bf2983_SPOT7.tif:1-1_1_5_NA_NA_1_1_NA_1:107	276.667	203.333	15	5
6	Image5D_bf2983_SPOT7.tif:1-1_1_6_NA_NA_1_1_NA_1:130	284.667	198.667	15	6
7	Image5D_bf2983_SPOT7.tif:1-1_1_7_NA_NA_1_1_NA_1:153	288.000	209.333	15	7
8	Image5D_bf2983_SPOT7.tif:1-1_1_8_NA_NA_1_1_NA_1:176	290.667	202.667	15	8
9	Image5D_bf2983_SPOT7.tif:2-1_1_9_1-1_1_1_2-2_1:200	292.000	204.667	16	9
10	Image5D_bf2983_SPOT7.tif:2-2_2_9_1-1_1_1_2-1_1:200	304.667	210.000	16	9
11	Image5D_bf2983_SPOT7.tif:2-1_1_10_1-1_1_1_2-2_1:221	286.000	206.667	14	10
12	Image5D_bf2983_SPOT7.tif:2-2_2_10_1-1_1_1_2-1_1:221	297.333	211.333	14	10
13	Image5D_bf2983_SPOT7.tif:2-1_1_11_1-1_1_1_2-2_1:244	290.000	205.333	14	11
14	Image5D_bf2983_SPOT7.tif:2-2_2_11_1-1_1_1_2-1_1:244	303.333	209.333	14	11
15	Image5D_bf2983_SPOT7.tif:2-1_1_12_1-1_1_1_2-2_1:267	284.667	205.333	14	12
16	Image5D_bf2983_SPOT7.tif:3-1_2_12_2-2_1_1_3-2_1:267	299.333	212.667	14	12
17	Image5D_bf2983_SPOT7.tif:3-2_2_12_2-2_1_1_3-1_1:267	309.333	196.667	14	12
18	Image5D_bf2983_SPOT7.tif:2-1_1_13_1-1_1_1_2-2_1:291	292.667	207.333	15	13
19	Image5D_bf2983_SPOT7.tif:3-1_2_13_2-2_1_1_3-2_1:291	304.000	214.667	15	13
20	Image5D_bf2983_SPOT7.tif:3-2_2_13_2-2_1_1_3-1_1:291	315.333	202.667	15	13
21	Image5D_bf2983_SPOT7.tif:2-1_1_14_1-1_1_1_2-2_1:313	284.000	206.667	14	14
22	Image5D_bf2983_SPOT7.tif:3-1_2_14_2-2_1_1_3-2_1:313	303.333	212.000	14	14
23	Image5D_bf2983_SPOT7.tif:3-2_2_14_2-2_1_1_3-1_1:313	315.333	194.000	14	14
24	Image5D_bf2983_SPOT7.tif:2-1_1_15_1-1_1_1_2-2_1:336	315.333	194.000	14	14
25	Image5D_bf2983_SPOT7.tif:3-1_2_15_2-2_1_1_3-2_1:336	303.333	207.333	14	15
26	Image5D_bf2983_SPOT7.tif:4-1_2_15_3-2_1_1_4-2_1:336	313.333	196.000	14	15
27	Image5D_bf2983_SPOT7.tif:4-2_2_15_3-2_1_1_4-1_1:336	303.333	175.333	14	15
28	Image5D_bf2983_SPOT7.tif:3-1_2_16_2-2_1_1_3-2_1:357	300.667	217.333	12	16
29	Image5D_bf2983_SPOT7.tif:3-3_3_16_2-1_1_1_3-4_1:357	284.667	216.000	12	16
30	Image5D_bf2983_SPOT7.tif:3-4_2_16_2-1_1_1_3-3_1:357	285.333	201.333	12	16
31	Image5D_bf2983_SPOT7.tif:4-1_2_16_3-2_1_1_4-2_1:357	315.333	212.000	12	16
32	Image5D_bf2983_SPOT7.tif:5-1_3_16_4-2_1_1_5-2_1:357	312.667	195.333	12	16
33	Image5D_bf2983_SPOT7.tif:5-2_2_16_4-2_1_1_5-1_1:357	304.667	173.333	12	16
34	Image5D_bf2983_SPOT7.tif:3-1_2_17_2-2_1_1_3-2_1:382	300.000	217.333	14	17
35	Image5D_bf2983_SPOT7.tif:3-3_3_17_2-1_1_1_3-4_1:382	288.000	217.333	14	17
36	Image5D_bf2983_SPOT7.tif:3-4_2_17_2-1_1_1_3-3_1:382	285.333	192.667	14	17
37	Image5D_bf2983_SPOT7.tif:4-1_2_17_3-2_1_1_4-2_1:382	316.667	206.000	14	17
38	Image5D_bf2983_SPOT7.tif:5-1_3_17_4-2_1_1_5-2_1:382	303.333	184.000	14	17
39	Image5D_bf2983_SPOT7.tif:6-1_3_17_5-2_1_1_6-2_1:382	304.667	171.333	14	17
40	Image5D_bf2983_SPOT7.tif:6-2_2_17_5-2_1_1_6-1_1:382	287.333	150.000	14	17
41	Image5D_bf2983_SPOT7.tif:3-1_2_18_2-2_1_1_3-2_1:404	296.000	216.667	13	18
42	Image5D_bf2983_SPOT7.tif:3-3_3_18_2-1_1_1_3-4_1:404	282.000	216.000	13	18
43	Image5D_bf2983_SPOT7.tif:3-4_2_18_2-1_1_1_3-3_1:404	276.667	198.000	13	18
44	Image5D_bf2983_SPOT7.tif:5-1_3_18_4-2_1_1_5-2_1:404	298.000	181.333	13	18
45	Image5D_bf2983_SPOT7.tif:5-3_3_18_4-1_1_1_5-4_1:404	308.000	195.333	13	18
46	Image5D_bf2983_SPOT7.tif:5-4_2_18_4-1_1_1_5-3_1:404	309.333	205.333	13	18
47	Image5D_bf2983_SPOT7.tif:6-1_3_18_5-2_1_1_6-2_1:404	298.667	162.667	13	18
48	Image5D_bf2983_SPOT7.tif:6-2_2_18_5-2_1_1_6-1_1:404	277.333	144.000	13	18
49	Image5D_bf2983_SPOT7.tif:3-3_3_19_2-1_1_1_3-4_1:429	278.000	187.333	15	19
50	Image5D_bf2983_SPOT7.tif:3-4_2_19_2-1_1_1_3-3_1:429	288.667	212.667	15	19
51	Image5D_bf2983_SPOT7.tif:4-3_3_19_3-1_1_1_4-4_1:429	304.667	237.333	15	19
52	Image5D_bf2983_SPOT7.tif:4-4_3_19_3-1_1_1_4-3_1:429	298.000	210.667	15	19
53	Image5D_bf2983_SPOT7.tif:5-1_3_19_4-2_1_1_5-2_1:429	301.333	178.000	15	19
54	Image5D_bf2983_SPOT7.tif:5-3_3_19_4-1_1_1_5-4_1_0:429	316.667	177.333	15	19
55	Image5D_bf2983_SPOT7.tif:5-4_2_19_4-1_1_1_5-3_1:429	319.333	202.667	15	19
56	Image5D_bf2983_SPOT7.tif:6-1_3_19_5-2_1_1_6-2_1:429	292.667	149.333	15	19
57	Image5D_bf2983_SPOT7.tif:6-2_2_19_5-2_1_1_6-1_1:429	276.667	139.333	15	19
58	Image5D_bf2983_SPOT7.tif:3-3_3_20_2-1_1_1_3-4_1:452	278.667	228.667	15	20
59	Image5D_bf2983_SPOT7.tif:3-4_2_20_2-1_1_1_3-3_1:452	281.333	199.333	15	20
60	Image5D_bf2983_SPOT7.tif:4-3_3_20_3-1_1_1_4-4_1:452	298.000	246.667	15	20
61	Image5D_bf2983_SPOT7.tif:4-4_3_20_3-1_1_1_4-3_1:452	294.000	220.000	15	20
62	Image5D_bf2983_SPOT7.tif:5-1_3_20_4-2_1_1_5-2_1:452	300.667	194.000	15	20
63	Image5D_bf2983_SPOT7.tif:6-1_3_20_5-2_1_1_6-2_1:452	302.000	172.667	15	20
64	Image5D_bf2983_SPOT7.tif:6-2_2_20_5-2_1_1_6-1_1:452	282.000	154.667	15	20
65	Image5D_bf2983_SPOT7.tif:6-3_3_20_5-4_1_1_6-4_1:452	316.000	215.333	15	20
66	Image5D_bf2983_SPOT7.tif:6-4_3_20_5-4_1_1_6-3_1:452	304.667	201.333	15	20
67	Image5D_bf2983_SPOT7.tif:3-3_3_21_2-1_1_1_3-4_1:475	295.333	218.000	15	21
68	Image5D_bf2983_SPOT7.tif:3-4_2_21_2-1_1_1_3-3_1:475	284.000	196.667	15	21
69	Image5D_bf2983_SPOT7.tif:4-3_3_21_3-1_1_1_4-4_1:475	308.667	242.667	15	21
70	Image5D_bf2983_SPOT7.tif:4-4_3_21_3-1_1_1_4-3_1_0:475	303.333	214.000	15	21
71	Image5D_bf2983_SPOT7.tif:5-1_3_21_4-2_1_1_5-2_1:475	307.333	182.000	15	21
72	Image5D_bf2983_SPOT7.tif:6-1_3_21_5-2_1_1_6-2_1:475	311.333	166.667	15	21
73	Image5D_bf2983_SPOT7.tif:6-2_2_21_5-2_1_1_6-1_1:475	288.000	150.000	15	21
74	Image5D_bf2983_SPOT7.tif:6-3_3_21_5-4_1_1_6-4_1:475	336.667	222.000	15	21
75	Image5D_bf2983_SPOT7.tif:6-4_3_21_5-4_1_1_6-3_1:475	319.333	202.667	15	21
76	Image5D_bf2983_SPOT7.tif:3-3_3_22_2-1_1_1_3-4_1:498	295.333	214.667	15	22
77	Image5D_bf2983_SPOT7.tif:3-4_2_22_2-1_1_1_3-3_1:498	292.000	200.000	15	22
78	Image5D_bf2983_SPOT7.tif:4-3_3_22_3-1_1_1_4-4_1:498	307.333	238.667	15	22
79	Image5D_bf2983_SPOT7.tif:5-1_3_22_4-2_1_1_5-2_1_0:498	316.000	189.333	15	22
80	Image5D_bf2983_SPOT7.tif:6-1_3_22_5-2_1_1_6-2_1:498	310.667	173.333	15	22
81	Image5D_bf2983_SPOT7.tif:6-3_3_22_5-4_1_1_6-4_1:498	346.000	232.667	15	22
82	Image5D_bf2983_SPOT7.tif:6-4_3_22_5-4_1_1_6-3_1:498	314.667	197.333	15	22
83	Image5D_bf2983_SPOT7.tif:7-1_3_22_6-2_1_1_7-2_1:498	251.333	142.000	15	22
84	Image5D_bf2983_SPOT7.tif:7-2_3_22_6-2_1_1_7-1_1:498	292.667	146.667	15	22
85	Image5D_bf2983_SPOT7.tif:3-3_3_23_2-1_1_1_3-4_1:519	285.333	218.000	13	23
86	Image5D_bf2983_SPOT7.tif:3-4_2_23_2-1_1_1_3-3_1:519	280.667	195.333	13	23
87	Image5D_bf2983_SPOT7.tif:4-3_3_23_3-1_1_1_4-4_1:519	300.000	239.333	13	23
88	Image5D_bf2983_SPOT7.tif:6-1_3_23_5-2_1_1_6-2_1:519	305.333	168.000	13	23
89	Image5D_bf2983_SPOT7.tif:6-3_3_23_5-4_1_1_6-4_1:519	340.000	236.667	13	23
90	Image5D_bf2983_SPOT7.tif:6-4_3_23_5-4_1_1_6-3_1:519	308.000	200.667	13	23
91	Image5D_bf2983_SPOT7.tif:7-1_3_23_6-2_1_1_7-2_1:519	240.000	143.333	13	23
92	Image5D_bf2983_SPOT7.tif:7-2_3_23_6-2_1_1_7-1_1:519	277.333	144.667	13	23
93	Image5D_bf2983_SPOT7.tif:3-3_3_24_2-1_1_1_3-4_1:542	287.333	218.667	13	24
94	Image5D_bf2983_SPOT7.tif:3-4_2_24_2-1_1_1_3-3_1:542	272.667	194.000	13	24
95	Image5D_bf2983_SPOT7.tif:4-3_3_24_3-1_1_1_4-4_1:542	306.667	240.000	13	24
96	Image5D_bf2983_SPOT7.tif:6-1_3_24_5-2_1_1_6-2_1:542	306.667	170.000	13	24
97	Image5D_bf2983_SPOT7.tif:6-3_3_24_5-4_1_1_6-4_1:542	337.333	234.667	13	24
98	Image5D_bf2983_SPOT7.tif:6-4_3_24_5-4_1_1_6-3_1:542	310.000	200.000	13	24
99	Image5D_bf2983_SPOT7.tif:7-1_3_24_6-2_1_1_7-2_1:542	244.000	140.000	13	24
100	Image5D_bf2983_SPOT7.tif:7-2_3_24_6-2_1_1_7-1_1:542	282.000	141.333	13	24
101	Image5D_bf2983_SPOT7.tif:3-3_3_25_2-1_1_1_3-4_1:564	284.000	221.333	12	25
102	Image5D_bf2983_SPOT7.tif:4-3_3_25_3-1_1_1_4-4_1_0:564	301.333	249.333	12	25
103	Image5D_bf2983_SPOT7.tif:6-3_3_25_5-4_1_1_6-4_1:564	266.000	196.667	12	25
104	Image5D_bf2983_SPOT7.tif:6-4_3_25_5-4_1_1_6-3_1:564	286.667	205.333	12	25
105	Image5D_bf2983_SPOT7.tif:6-1_3_25_5-2_1_1_6-2_1:564	304.667	170.667	12	25
106	Image5D_bf2983_SPOT7.tif:6-3_3_25_5-4_1_1_6-4_1:564	338.667	282.000	12	25
107	Image5D_bf2983_SPOT7.tif:6-4_3_24_5-4_1_1_6-3_1:564	302.667	206.000	12	25
108	Image5D_bf2983_SPOT7.tif:7-1_3_25_6-2_1_1_7-2_1:564	238.667	152.667	12	25
109	Image5D_bf2983_SPOT7.tif:7-2_3_25_6-2_1_1_7-1_1:564	273.333	148.000	12	25
110	Image5D_bf2983_SPOT7.tif:3-3_3_26_2-1_1_1_3-4_1:587	276.667	212.000	12	26
111	Image5D_bf2983_SPOT7.tif:4-5_3_26_3-4_1_1_4-6_1:587	261.333	193.333	12	26
112	Image5D_bf2983_SPOT7.tif:4-6_2_26_3-4_1_1_4-5_1:587	280.667	202.000	12	26
113	Image5D_bf2983_SPOT7.tif:6-1_3_26_5-2_1_1_6-2_1:587	306.000	174.000	12	26
114	Image5D_bf2983_SPOT7.tif:6-3_3_26_5-4_1_1_6-4_1:587	340.667	284.000	12	26
115	Image5D_bf2983_SPOT7.tif:6-4_3_26_5-4_1_1_6-3_1:587	310.000	206.667	12	26
116	Image5D_bf2983_SPOT7.tif:7-1_3_26_6-2_1_1_7-2_1:587	240.667	150.667	12	26
117	Image5D_bf2983_SPOT7.tif:7-2_3_26_6-2_1_1_7-1_1:587	276.000	147.333	12	26
118	Image5D_bf2983_SPOT7.tif:3-3_3_27_2-1_1_1_3-4_1:611	282.667	221.333	13	27
119	Image5D_bf2983_SPOT7.tif:4-5_3_27_3-4_1_1_4-6_1:611	254.000	196.000	13	27
120	Image5D_bf2983_SPOT7.tif:5-5_2_27_4-6_1_1_5-6_1:611	271.333	198.667	13	27
121	Image5D_bf2983_SPOT7.tif:5-6_3_27_4-6_1_1_5-5_1:611	295.333	194.667	13	27
122	Image5D_bf2983_SPOT7.tif:6-1_3_27_5-2_1_1_6-2_1:611	298.667	172.000	13	27
123	Image5D_bf2983_SPOT7.tif:6-3_3_27_5-4_1_1_6-4_1:611	336.000	284.000	13	27
124	Image5D_bf2983_SPOT7.tif:6-4_3_27_5-4_1_1_6-3_1:611	291.333	210.667	13	27
125	Image5D_bf2983_SPOT7.tif:7-1_3_27_6-2_1_1_7-2_1:611	232.667	150.667	13	27
126	Image5D_bf2983_SPOT7.tif:7-2_3_27_6-2_1_1_7-1_1:611	273.333	145.333	13	27
127	Image5D_bf2983_SPOT7.tif:3-3_3_28_2-1_1_1_3-4_1:634	292.000	216.000	13	28
128	Image5D_bf2983_SPOT7.tif:4-5_3_28_3-4_1_1_4-6_1:634	264.000	193.333	13	28
129	Image5D_bf2983_SPOT7.tif:5-5_2_28_4-6_1_1_5-6_1:634	281.333	194.667	13	28
130	Image5D_bf2983_SPOT7.tif:5-6_3_28_4-6_1_1_5-5_1:634	309.333	195.333	13	28
131	Image5D_bf2983_SPOT7.tif:6-1_3_28_5-2_1_1_6-2_1:634	311.333	162.000	13	28
132	Image5D_bf2983_SPOT7.tif:6-3_3_28_5-4_1_1_6-4_1:634	348.667	276.667	13	28
133	Image5D_bf2983_SPOT7.tif:6-4_3_28_5-4_1_1_6-3_1:634	305.333	206.667	13	28
134	Image5D_bf2983_SPOT7.tif:7-1_3_28_6-2_1_1_7-2_1:634	243.333	146.000	13	28
135	Image5D_bf2983_SPOT7.tif:7-2_3_28_6-2_1_1_7-1_1:634	272.667	140.667	13	28
136	Image5D_bf2983_SPOT7.tif:3-3_3_29_2-1_1_1_3-4_1:658	292.000	219.333	14	29
137	Image5D_bf2983_SPOT7.tif:4-5_3_29_3-4_1_1_4-6_1:658	260.667	194.000	14	29
138	Image5D_bf2983_SPOT7.tif:5-5_2_29_4-6_1_1_5-6_1:658	287.333	199.333	14	29
139	Image5D_bf2983_SPOT7.tif:5-6_3_29_4-6_1_1_5-5_1_0:658	298.000	196.667	14	29
140	Image5D_bf2983_SPOT7.tif:6-1_3_29_5-2_1_1_6-2_1:658	310.000	173.333	14	29
141	Image5D_bf2983_SPOT7.tif:6-3_3_29_5-4_1_1_6-4_1:658	348.667	282.000	14	29
142	Image5D_bf2983_SPOT7.tif:6-4_3_29_5-4_1_1_6-3_1:658	312.000	202.667	14	29
143	Image5D_bf2983_SPOT7.tif:7-1_3_29_6-2_1_1_7-2_1:658	248.000	146.667	14	29
144	Image5D_bf2983_SPOT7.tif:7-2_3_29_6-2_1_1_7-1_1:658	276.000	144.000	14	29
145	Image5D_bf2983_SPOT7.tif:3-3_3_30_2-1_1_1_3-4_1:679	287.333	216.667	12	30
146	Image5D_bf2983_SPOT7.tif:4-5_3_30_3-4_1_1_4-6_1:679	258.667	193.333	12	30
147	Image5D_bf2983_SPOT7.tif:5-5_2_30_4-6_1_1_5-6_1:679	280.000	195.333	12	30
148	Image5D_bf2983_SPOT7.tif:6-1_3_30_5-2_1_1_6-2_1:679	302.000	166.667	12	30
149	Image5D_bf2983_SPOT7.tif:6-3_3_30_5-4_1_1_6-4_1:679	342.000	282.667	12	30
150	Image5D_bf2983_SPOT7.tif:6-4_3_30_5-4_1_1_6-3_1:679	306.000	198.000	12	30
151	Image5D_bf2983_SPOT7.tif:7-1_3_30_6-2_1_1_7-2_1:679	241.333	147.333	12	30
152	Image5D_bf2983_SPOT7.tif:7-2_3_30_6-2_1_1_7-1_1:679	276.000	144.667	12	30
153	Image5D_bf2983_SPOT7.tif:3-3_3_31_2-1_1_1_3-4_1:704	292.000	212.000	14	31
154	Image5D_bf2983_SPOT7.tif:4-5_3_31_3-4_1_1_4-6_1:704	265.333	189.333	14	31
155	Image5D_bf2983_SPOT7.tif:5-5_2_31_4-6_1_1_5-6_1:704	298.667	194.000	14	31
156	Image5D_bf2983_SPOT7.tif:6-1_3_31_5-2_1_1_6-2_1_0:704	312.667	163.333	14	31
157	Image5D_bf2983_SPOT7.tif:6-3_3_31_5-4_1_1_6-4_1:704	353.333	275.333	14	31
158	Image5D_bf2983_SPOT7.tif:6-4_3_31_5-4_1_1_6-3_1:704	312.000	196.667	14	31
159	Image5D_bf2983_SPOT7.tif:7-1_3_31_6-2_1_1_7-2_1:704	242.667	146.667	14	31
160	Image5D_bf2983_SPOT7.tif:7-2_3_31_6-2_1_1_7-1_1:704	274.000	138.667	14	31
161	Image5D_bf2983_SPOT7.tif:3-3_3_32_2-1_1_1_3-4_1:727	290.000	221.333	14	32
162	Image5D_bf2983_SPOT7.tif:4-5_3_32_3-4_1_1_4-6_1:727	263.333	196.000	14	32
163	Image5D_bf2983_SPOT7.tif:5-5_2_32_4-6_1_1_5-6_1:727	292.667	202.000	14	32
164	Image5D_bf2983_SPOT7.tif:6-3_3_32_5-4_1_1_6-4_1:727	348.000	283.333	14	32
165	Image5D_bf2983_SPOT7.tif:6-4_3_32_5-4_1_1_6-3_1:727	308.000	202.000	14	32
166	Image5D_bf2983_SPOT7.tif:7-1_3_32_6-2_1_1_7-2_1:727	243.333	154.000	14	32
167	Image5D_bf2983_SPOT7.tif:7-2_3_32_6-2_1_1_7-1_1:727	272.667	145.333	14	32
168	Image5D_bf2983_SPOT7.tif:3-3_3_33_2-1_1_1_3-4_1:749	294.000	221.333	13	33
169	Image5D_bf2983_SPOT7.tif:4-5_3_33_3-4_1_1_4-6_1:749	268.667	196.667	13	33
170	Image5D_bf2983_SPOT7.tif:5-5_2_33_4-6_1_1_5-6_1:749	297.333	198.000	13	33
171	Image5D_bf2983_SPOT7.tif:6-3_3_33_5-4_1_1_6-4_1:749	352.000	286.000	13	33
172	Image5D_bf2983_SPOT7.tif:6-4_3_33_5-4_1_1_6-3_1:749	309.333	206.667	13	33
173	Image5D_bf2983_SPOT7.tif:7-1_3_33_6-2_1_1_7-2_1:749	242.667	152.000	13	33
174	Image5D_bf2983_SPOT7.tif:7-2_3_33_6-2_1_1_7-1_1:749	282.667	141.333	13	33
175	Image5D_bf2983_SPOT7.tif:3-3_3_34_2-1_1_1_3-4_1:774	288.000	216.667	15	34
176	Image5D_bf2983_SPOT7.tif:4-5_3_34_3-4_1_1_4-6_1:774	258.667	188.000	15	34
177	Image5D_bf2983_SPOT7.tif:5-5_2_34_4-6_1_1_5-6_1:774	285.333	193.333	15	34
178	Image5D_bf2983_SPOT7.tif:6-3_3_34_5-4_1_1_6-4_1:774	350.000	274.667	15	34
179	Image5D_bf2983_SPOT7.tif:6-4_3_34_5-4_1_1_6-3_1:774	311.333	198.667	15	34
180	Image5D_bf2983_SPOT7.tif:7-1_3_34_6-2_1_1_7-2_1:774	244.667	140.667	15	34
181	Image5D_bf2983_SPOT7.tif:7-2_3_34_6-2_1_1_7-1_1:774	276.667	138.000	15	34
182	Image5D_bf2983_SPOT7.tif:3-3_3_35_2-1_1_1_3-4_1:796	270.000	219.333	14	35
183	Image5D_bf2983_SPOT7.tif:4-5_3_35_3-4_1_1_4-6_1:796	244.000	201.333	14	35
184	Image5D_bf2983_SPOT7.tif:5-5_2_35_4-6_1_1_5-6_1:796	280.000	202.667	14	35
185	Image5D_bf2983_SPOT7.tif:6-3_3_35_5-4_1_1_6-4_1:796	332.000	281.333	14	35
186	Image5D_bf2983_SPOT7.tif:6-4_3_35_5-4_1_1_6-3_1:796	282.667	214.667	14	35
187	Image5D_bf2983_SPOT7.tif:7-1_3_35_6-2_1_1_7-2_1:796	226.000	155.333	14	35
188	Image5D_bf2983_SPOT7.tif:7-2_3_35_6-2_1_1_7-1_1:796	250.667	146.000	14	35
189	Image5D_bf2983_SPOT7.tif:3-3_3_36_2-1_1_1_3-4_1:817	257.333	226.667	12	36
190	Image5D_bf2983_SPOT7.tif:4-5_3_36_3-4_1_1_4-6_1:817	225.333	200.000	12	36
191	Image5D_bf2983_SPOT7.tif:6-3_3_36_5-4_1_1_6-4_1:817	320.667	289.333	12	36
192	Image5D_bf2983_SPOT7.tif:6-4_3_36_5-4_1_1_6-3_1:817	270.667	221.333	12	36
193	Image5D_bf2983_SPOT7.tif:6-5_3_36_5-5_1_1_6-6_1:817	272.000	197.333	12	36
194	Image5D_bf2983_SPOT7.tif:6-6_3_36_5-5_1_1_6-5_1:817	247.333	203.333	12	36
195	Image5D_bf2983_SPOT7.tif:7-1_3_36_6-2_1_1_7-2_1:817	216.667	157.333	12	36
196	Image5D_bf2983_SPOT7.tif:7-2_3_36_6-2_1_1_7-1_1:817	254.667	154.667	12	36
197	Image5D_bf2983_SPOT7.tif:3-3_3_37_2-1_1_1_3-4_1:843	266.000	242.000	15	37
198	Image5D_bf2983_SPOT7.tif:4-5_3_37_3-4_1_1_4-6_1:843	244.000	208.000	15	37
199	Image5D_bf2983_SPOT7.tif:6-3_3_37_5-4_1_1_6-4_1:843	326.000	298.000	15	37
200	Image5D_bf2983_SPOT7.tif:6-4_3_37_5-4_1_1_6-3_1:843	290.667	222.000	15	37
201	Image5D_bf2983_SPOT7.tif:6-5_3_37_5-5_1_1_6-6_1_0:843	282.000	208.000	15	37
202	Image5D_bf2983_SPOT7.tif:6-6_3_37_5-5_1_1_6-5_1:843	270.000	214.000	15	37
203	Image5D_bf2983_SPOT7.tif:7-1_3_37_6-2_1_1_7-2_1:843	224.667	172.000	15	37
204	Image5D_bf2983_SPOT7.tif:7-2_3_37_6-2_1_1_7-1_1_0:843	256.667	168.000	15	37
205	Image5D_bf2983_SPOT7.tif:3-3_3_38_2-1_1_1_3-4_1:865	292.000	218.000	14	38
206	Image5D_bf2983_SPOT7.tif:4-5_3_38_3-4_1_1_4-6_1:865	267.333	191.333	14	38
207	Image5D_bf2983_SPOT7.tif:6-3_3_38_5-4_1_1_6-4_1:865	352.667	286.667	14	38
208	Image5D_bf2983_SPOT7.tif:6-4_3_38_5-4_1_1_6-3_1:865	312.000	208.000	14	38
209	Image5D_bf2983_SPOT7.tif:6-6_3_38_5-5_1_1_6-5_1:865	296.000	200.667	14	38
210	Image5D_bf2983_SPOT7.tif:7-1_3_38_6-2_1_1_7-2_1:865	248.000	151.333	14	38
211	Image5D_bf2983_SPOT7.tif:3-3_3_39_2-1_1_1_3-4_1:887	290.000	220.667	13	39
212	Image5D_bf2983_SPOT7.tif:4-5_3_39_3-4_1_1_4-6_1:887	268.667	202.000	13	39
213	Image5D_bf2983_SPOT7.tif:6-3_3_39_5-4_1_1_6-4_1:887	350.000	286.000	13	39
214	Image5D_bf2983_SPOT7.tif:6-4_3_39_5-4_1_1_6-3_1:887	307.333	204.667	13	39
215	Image5D_bf2983_SPOT7.tif:6-6_3_39_5-5_1_1_6-5_1:887	292.000	198.667	13	39
216	Image5D_bf2983_SPOT7.tif:7-1_3_39_6-2_1_1_7-2_1:887	247.333	152.000	13	39
217	Image5D_bf2983_SPOT7.tif:3-3_3_40_2-1_1_1_3-4_1:910	295.333	228.000	13	40
218	Image5D_bf2983_SPOT7.tif:4-5_3_40_3-4_1_1_4-6_1:910	272.667	204.667	13	40
219	Image5D_bf2983_SPOT7.tif:6-3_3_40_5-4_1_1_6-4_1:910	352.000	292.000	13	40
220	Image5D_bf2983_SPOT7.tif:6-4_3_40_5-4_1_1_6-3_1_0:910	306.667	225.333	13	40
221	Image5D_bf2983_SPOT7.tif:6-6_3_40_5-5_1_1_6-5_1_0:910	298.667	209.333	13	40
222	Image5D_bf2983_SPOT7.tif:7-1_3_40_6-2_1_1_7-2_1:910	248.667	158.667	13	40
223	Image5D_bf2983_SPOT7.tif:3-3_3_41_2-1_1_1_3-4_1:933	290.667	203.333	13	41
224	Image5D_bf2983_SPOT7.tif:4-5_3_41_3-4_1_1_4-6_1_0:933	268.667	193.333	13	41
225	Image5D_bf2983_SPOT7.tif:6-3_3_41_5-4_1_1_6-4_1:933	354.000	280.667	13	41
226	Image5D_bf2983_SPOT7.tif:7-1_3_41_6-2_1_1_7-2_1:933	246.667	147.333	13	41
227	Image5D_bf2983_SPOT7.tif:3-3_3_42_2-1_1_1_3-4_1:956	300.667	206.000	13	42
228	Image5D_bf2983_SPOT7.tif:6-3_3_42_5-4_1_1_6-4_1:956	355.333	282.667	13	42
229	Image5D_bf2983_SPOT7.tif:7-1_3_42_6-2_1_1_7-2_1:956	251.333	154.667	13	42
230	Image5D_bf2983_SPOT7.tif:3-3_3_43_2-1_1_1_3-4_1:980	292.000	216.000	14	43
231	Image5D_bf2983_SPOT7.tif:6-3_3_43_5-4_1_1_6-4_1:980	342.000	295.333	14	43
232	Image5D_bf2983_SPOT7.tif:7-1_3_43_6-2_1_1_7-2_1:980	240.000	161.333	14	43
233	Image5D_bf2983_SPOT7.tif:3-3_3_44_2-1_1_1_3-4_1:1001	300.667	205.333	12	44
234	Image5D_bf2983_SPOT7.tif:6-3_3_44_5-4_1_1_6-4_1:1001	354.000	278.667	12	44
235	Image5D_bf2983_SPOT7.tif:7-1_3_44_6-2_1_1_7-2_1:1001	252.000	141.333	12	44
236	Image5D_bf2983_SPOT7.tif:3-3_3_45_2-1_1_1_3-4_1:1024	298.000	194.000	12	45
237	Image5D_bf2983_SPOT7.tif:6-3_3_45_5-4_1_1_6-4_1:1024	357.333	270.000	12	45
238	Image5D_bf2983_SPOT7.tif:7-1_3_45_6-2_1_1_7-2_1:1024	256.000	138.000	12	45
239	Image5D_bf2983_SPOT7.tif:3-3_3_46_2-1_1_1_3-4_1:1047	294.667	204.000	12	46
240	Image5D_bf2983_SPOT7.tif:6-3_3_46_5-4_1_1_6-4_1:1047	348.000	280.667	12	46
241	Image5D_bf2983_SPOT7.tif:7-1_3_46_6-2_1_1_7-2_1:1047	241.333	144.667	12	46
242	Image5D_bf2983_SPOT7.tif:3-3_3_47_2-1_1_1_3-4_1:1070	295.333	199.333	12	47
243	Image5D_bf2983_SPOT7.tif:6-3_3_47_5-4_1_1_6-4_1:1070	352.667	278.667	12	47
244	Image5D_bf2983_SPOT7.tif:7-1_3_47_6-2_1_1_7-2_1:1070	248.667	142.667	12	47
245	Image5D_bf2983_SPOT7.tif:3-3_3_48_2-1_1_1_3-4_1:1095	292.667	210.667	14	48
246	Image5D_bf2983_SPOT7.tif:6-3_3_48_5-4_1_1_6-4_1:1095	350.000	281.333	14	48
247	Image5D_bf2983_SPOT7.tif:7-1_3_48_6-2_1_1_7-2_1:1095	242.000	145.333	14	48
248	Image5D_bf2983_SPOT7.tif:3-3_3_49_2-1_1_1_3-4_1:1115	294.667	202.667	11	49
249	Image5D_bf2983_SPOT7.tif:6-3_3_49_5-4_1_1_6-4_1:1115	353.333	284.667	11	49
250	Image5D_bf2983_SPOT7.tif:7-1_3_49_6-2_1_1_7-2_1:1115	241.333	144.667	11	49
251	Image5D_bf2983_SPOT7.tif:3-3_3_50_2-1_1_1_3-4_1:1140	296.667	201.333	13	50
252	Image5D_bf2983_SPOT7.tif:6-3_3_50_5-4_1_1_6-4_1:1140	350.000	273.333	13	50
253	Image5D_bf2983_SPOT7.tif:7-1_3_50_6-2_1_1_7-2_1:1140	247.333	145.333	13	50
254	Image5D_bf2983_SPOT7.tif:3-3_3_51_2-1_1_1_3-4_1:1163	300.000	206.667	13	51
255	Image5D_bf2983_SPOT7.tif:6-3_3_51_5-4_1_1_6-4_1:1163	354.000	280.000	13	51
256	Image5D_bf2983_SPOT7.tif:7-1_3_51_6-2_1_1_7-2_1:1163	242.667	145.333	13	51
257	Image5D_bf2983_SPOT7.tif:3-3_3_52_2-1_1_1_3-4_1:1186	294.000	203.333	13	52
258	Image5D_bf2983_SPOT7.tif:6-3_3_52_5-4_1_1_6-4_1:1186	348.000	286.000	13	52
259	Image5D_bf2983_SPOT7.tif:7-1_3_52_6-2_1_1_7-2_1:1186	246.000	138.000	13	52
260	Image5D_bf2983_SPOT7.tif:3-3_3_53_2-1_1_1_3-4_1:1209	296.000	209.333	13	53
261	Image5D_bf2983_SPOT7.tif:6-3_3_53_5-4_1_1_6-4_1:1209	347.333	285.333	13	53
262	Image5D_bf2983_SPOT7.tif:7-1_3_53_6-2_1_1_7-2_1:1209	250.000	145.333	13	53
263	Image5D_bf2983_SPOT7.tif:3-3_3_54_2-1_1_1_3-4_1:1232	290.667	207.333	13	54
264	Image5D_bf2983_SPOT7.tif:6-3_3_54_5-4_1_1_6-4_1:1232	355.333	285.333	13	54
265	Image5D_bf2983_SPOT7.tif:7-1_3_54_6-2_1_1_7-2_1:1232	244.000	140.667	13	54
266	Image5D_bf2983_SPOT7.tif:3-3_3_55_2-1_1_1_3-4_1:1255	285.333	200.667	13	55
267	Image5D_bf2983_SPOT7.tif:6-3_3_55_5-4_1_1_6-4_1:1255	350.000	278.667	13	55
268	Image5D_bf2983_SPOT7.tif:7-1_3_55_6-2_1_1_7-2_1:1255	241.333	144.000	13	55
269	Image5D_bf2983_SPOT7.tif:3-3_3_56_2-1_1_1_3-4_1:1278	293.333	208.667	13	56
270	Image5D_bf2983_SPOT7.tif:6-3_3_56_5-4_1_1_6-4_1:1278	356.667	288.000	13	56
271	Image5D_bf2983_SPOT7.tif:7-1_3_56_6-2_1_1_7-2_1:1278	240.667	147.333	13	56
272	Image5D_bf2983_SPOT7.tif:3-3_3_57_2-1_1_1_3-4_1:1301	295.333	208.000	13	57
273	Image5D_bf2983_SPOT7.tif:6-3_3_57_5-4_1_1_6-4_1_0:1301	360.000	286.667	13	57
274	Image5D_bf2983_SPOT7.tif:7-1_3_57_6-2_1_1_7-2_1:1301	243.333	142.000	13	57
275	Image5D_bf2983_SPOT7.tif:3-3_3_58_2-1_1_1_3-4_1:1324	288.667	206.667	13	58
276	Image5D_bf2983_SPOT7.tif:7-1_3_58_6-2_1_1_7-2_1:1324	243.333	149.333	13	58
277	Image5D_bf2983_SPOT7.tif:3-3_3_59_2-1_1_1_3-4_1:1347	298.000	213.333	13	59
278	Image5D_bf2983_SPOT7.tif:7-1_3_59_6-2_1_1_7-2_1:1347	245.333	150.000	13	59
279	Image5D_bf2983_SPOT7.tif:3-3_3_60_2-1_1_1_3-4_1:1370	299.333	203.333	13	60
280	Image5D_bf2983_SPOT7.tif:7-1_3_60_6-2_1_1_7-2_1:1370	236.000	148.667	13	60
281	Image5D_bf2983_SPOT7.tif:3-3_3_61_2-1_1_1_3-4_1:1393	299.333	202.000	13	61
282	Image5D_bf2983_SPOT7.tif:7-1_3_61_6-2_1_1_7-2_1:1393	240.667	139.333	13	61
283	Image5D_bf2983_SPOT7.tif:3-3_3_62_2-1_1_1_3-4_1:1415	298.667	196.000	12	62
284	Image5D_bf2983_SPOT7.tif:7-1_3_62_6-2_1_1_7-2_1:1415	242.667	140.667	12	62
285	Image5D_bf2983_SPOT7.tif:3-3_3_63_2-1_1_1_3-4_1:1438	291.333	201.333	12	63
286	Image5D_bf2983_SPOT7.tif:7-1_3_63_6-2_1_1_7-2_1:1438	242.000	142.667	12	63
287	Image5D_bf2983_SPOT7.tif:3-3_3_64_2-1_1_1_3-4_1:1461	294.667	200.667	12	64
288	Image5D_bf2983_SPOT7.tif:7-1_3_64_6-2_1_1_7-2_1:1461	250.000	144.000	12	64
289	Image5D_bf2983_SPOT7.tif:3-3_3_65_2-1_1_1_3-4_1:1484	314.000	186.000	12	65
290	Image5D_bf2983_SPOT7.tif:7-1_3_65_6-2_1_1_7-2_1:1484	266.000	129.333	12	65
291	Image5D_bf2983_SPOT7.tif:3-3_3_66_2-1_1_1_3-4_1:1507	294.000	201.333	12	66
292	Image5D_bf2983_SPOT7.tif:7-1_3_66_6-2_1_1_7-2_1:1507	238.667	144.667	12	66
293	Image5D_bf2983_SPOT7.tif:3-3_3_67_2-1_1_1_3-4_1:1529	302.000	211.333	11	67
294	Image5D_bf2983_SPOT7.tif:7-1_3_67_6-2_1_1_7-2_1:1529	248.000	151.333	11	67
295	Image5D_bf2983_SPOT7.tif:3-3_3_68_2-1_1_1_3-4_1:1552	278.000	212.000	11	68
296	Image5D_bf2983_SPOT7.tif:7-1_3_68_6-2_1_1_7-2_1:1552	228.000	146.667	11	68
297	Image5D_bf2983_SPOT7.tif:3-3_3_69_2-1_1_1_3-4_1:1575	286.667	202.667	11	69
298	Image5D_bf2983_SPOT7.tif:7-1_3_69_6-2_1_1_7-2_1:1575	239.333	144.000	11	69
299	Image5D_bf2983_SPOT7.tif:3-3_3_70_2-1_1_1_3-4_1:1598	290.000	191.333	11	70
300	Image5D_bf2983_SPOT7.tif:7-1_3_70_6-2_1_1_7-2_1:1598	244.667	133.333	11	70
301	Image5D_bf2983_SPOT7.tif:3-3_3_71_2-1_1_1_3-4_1:1621	288.000	208.667	11	71
302	Image5D_bf2983_SPOT7.tif:7-1_3_71_6-2_1_1_7-2_1:1621	240.667	146.667	11	71
303	Image5D_bf2983_SPOT7.tif:3-3_3_72_2-1_1_1_3-4_1:1644	297.333	206.000	11	72
304	Image5D_bf2983_SPOT7.tif:7-1_3_72_6-2_1_1_7-2_1:1644	246.667	142.667	11	72
305	Image5D_bf2983_SPOT7.tif:3-3_3_73_2-1_1_1_3-4_1:1667	288.000	206.000	11	73
306	Image5D_bf2983_SPOT7.tif:7-1_3_73_6-2_1_1_7-2_1:1667	241.333	139.333	11	73
307	Image5D_bf2983_SPOT7.tif:3-3_3_74_2-1_1_1_3-4_1:1691	296.667	192.667	12	74
308	Image5D_bf2983_SPOT7.tif:7-1_3_74_6-2_1_1_7-2_1:1691	249.333	149.333	12	74
309	Image5D_bf2983_SPOT7.tif:3-3_3_75_2-1_1_1_3-4_1:1714	290.000	190.000	12	75
310	Image5D_bf2983_SPOT7.tif:7-1_3_75_6-2_1_1_7-2_1:1714	245.333	135.333	12	75
311	Image5D_bf2983_SPOT7.tif:3-3_3_76_2-1_1_1_3-4_1:1737	286.667	197.333	12	76
312	Image5D_bf2983_SPOT7.tif:7-1_3_76_6-2_1_1_7-2_1:1737	249.333	138.667	12	76
313	Image5D_bf2983_SPOT7.tif:3-3_3_77_2-1_1_1_3-4_1:1762	292.000	199.333	14	77
314	Image5D_bf2983_SPOT7.tif:7-1_3_77_6-2_1_1_7-2_1:1762	249.333	146.000	14	77
315	Image5D_bf2983_SPOT7.tif:3-3_3_78_2-1_1_1_3-4_1:1785	290.667	192.667	14	78
316	Image5D_bf2983_SPOT7.tif:7-1_3_78_6-2_1_1_7-2_1:1785	250.000	141.333	14	78
317	Image5D_bf2983_SPOT7.tif:3-3_3_79_2-1_1_1_3-4_1:1806	288.667	194.667	12	79
318	Image5D_bf2983_SPOT7.tif:7-1_3_79_6-2_1_1_7-2_1:1806	245.333	142.667	12	79
319	Image5D_bf2983_SPOT7.tif:3-3_3_80_2-1_1_1_3-4_1:1829	285.333	192.667	12	80
320	Image5D_bf2983_SPOT7.tif:7-1_3_80_6-2_1_1_7-2_1:1829	241.333	139.333	12	80
321	Image5D_bf2983_SPOT7.tif:3-3_3_81_2-1_1_1_3-4_1:1852	289.333	193.333	12	81
322	Image5D_bf2983_SPOT7.tif:7-1_3_81_6-2_1_1_7-2_1:1852	248.000	142.667	12	81
323	Image5D_bf2983_SPOT7.tif:3-3_3_82_2-1_1_1_3-4_1:1875	289.333	196.000	12	82
324	Image5D_bf2983_SPOT7.tif:7-1_3_82_6-2_1_1_7-2_1:1875	242.000	142.667	12	82
325	Image5D_bf2983_SPOT7.tif:3-3_3_83_2-1_1_1_3-4_1:1898	291.333	194.000	12	83
326	Image5D_bf2983_SPOT7.tif:7-1_3_83_6-2_1_1_7-2_1:1898	241.333	143.333	12	83
327	Image5D_bf2983_SPOT7.tif:3-3_3_84_2-1_1_1_3-4_1:1921	286.667	196.000	12	84
328	Image5D_bf2983_SPOT7.tif:7-1_3_84_6-2_1_1_7-2_1:1921	242.000	144.667	12	84
329	Image5D_bf2983_SPOT7.tif:3-3_3_85_2-1_1_1_3-4_1:1944	290.667	194.000	12	85
330	Image5D_bf2983_SPOT7.tif:7-1_3_85_6-2_1_1_7-2_1:1944	243.333	146.000	12	85
331	Image5D_bf2983_SPOT7.tif:3-3_3_86_2-1_1_1_3-4_1:1967	286.667	193.333	12	86
332	Image5D_bf2983_SPOT7.tif:7-1_3_86_6-2_1_1_7-2_1:1967	241.333	148.000	12	86
333	Image5D_bf2983_SPOT7.tif:3-3_3_87_2-1_1_1_3-4_1:1990	290.000	193.333	12	87
334	Image5D_bf2983_SPOT7.tif:7-1_3_87_6-2_1_1_7-2_1:1990	241.333	142.667	12	87
335	Image5D_bf2983_SPOT7.tif:3-3_3_88_2-1_1_1_3-4_1:2013	292.000	198.000	12	88
336	Image5D_bf2983_SPOT7.tif:7-1_3_88_6-2_1_1_7-2_1:2013	241.333	142.000	12	88
337	Image5D_bf2983_SPOT7.tif:3-3_3_89_2-1_1_1_3-4_1:2036	286.000	197.333	12	89
338	Image5D_bf2983_SPOT7.tif:7-1_3_89_6-2_1_1_7-2_1:2036	240.667	142.667	12	89
339	Image5D_bf2983_SPOT7.tif:3-3_3_90_2-1_1_1_3-4_1:2059	295.333	192.000	12	90
340	Image5D_bf2983_SPOT7.tif:7-1_3_90_6-2_1_1_7-2_1:2059	243.333	142.000	12	90
341	Image5D_bf2983_SPOT7.tif:3-3_3_91_2-1_1_1_3-4_1:2082	292.667	192.000	12	91
342	Image5D_bf2983_SPOT7.tif:7-1_3_91_6-2_1_1_7-2_1:2082	238.000	138.667	12	91
343	Image5D_bf2983_SPOT7.tif:3-3_3_92_2-1_1_1_3-4_1:2105	293.333	200.000	12	92
344	Image5D_bf2983_SPOT7.tif:7-1_3_92_6-2_1_1_7-2_1:2105	240.000	144.667	12	92
345	Image5D_bf2983_SPOT7.tif:3-3_3_93_2-1_1_1_3-4_1:2128	290.000	192.000	12	93
346	Image5D_bf2983_SPOT7.tif:7-1_3_93_6-2_1_1_7-2_1:2128	243.333	139.333	12	93
347	Image5D_bf2983_SPOT7.tif:3-3_3_94_2-1_1_1_3-4_1:2151	293.333	192.667	12	94
348	Image5D_bf2983_SPOT7.tif:7-1_3_94_6-2_1_1_7-2_1:2151	236.000	140.667	12	94
349	Image5D_bf2983_SPOT7.tif:3-3_3_95_2-1_1_1_3-4_1:2174	290.667	202.667	12	95
350	Image5D_bf2983_SPOT7.tif:7-1_3_95_6-2_1_1_7-2_1:2174	239.333	150.667	12	95
351	Image5D_bf2983_SPOT7.tif:3-3_3_96_2-1_1_1_3-4_1:2198	294.000	196.000	13	96
352	Image5D_bf2983_SPOT7.tif:7-1_3_96_6-2_1_1_7-2_1:2198	240.000	144.667	13	96
353	Image5D_bf2983_SPOT7.tif:3-3_3_97_2-1_1_1_3-4_1:2220	290.000	200.667	12	97
354	Image5D_bf2983_SPOT7.tif:7-1_3_97_6-2_1_1_7-2_1:2220	237.333	149.333	12	97
355	Image5D_bf2983_SPOT7.tif:3-3_3_98_2-1_1_1_3-4_1:2243	292.000	194.667	12	98
356	Image5D_bf2983_SPOT7.tif:7-1_3_98_6-2_1_1_7-2_1:2243	237.333	144.667	12	98
357	Image5D_bf2983_SPOT7.tif:3-3_3_99_2-1_1_1_3-4_1:2266	296.000	197.333	12	99
358	Image5D_bf2983_SPOT7.tif:7-1_3_99_6-2_1_1_7-2_1:2266	250.000	145.333	12	99
359	Image5D_bf2983_SPOT7.tif:3-3_3_100_2-1_1_1_3-4_1:2289	298.000	198.667	12	100
360	Image5D_bf2983_SPOT7.tif:7-1_3_100_6-2_1_1_7-2_1:2289	253.333	146.667	12	100
361	Image5D_bf2983_SPOT7.tif:3-3_3_101_2-1_1_1_3-4_1:2311	308.667	194.667	11	101
362	Image5D_bf2983_SPOT7.tif:7-1_3_101_6-2_1_1_7-2_1:2311	266.000	144.667	11	101
