 	Label	X	Y	Slice	Frame
1	Image5D_bf3419_SPOT7.tif:1-1_1_1_NA_NA_1_1_NA_1:15	87	379	15	1
2	Image5D_bf3419_SPOT7.tif:1-1_1_2_NA_NA_1_1_NA_1:48	111	367	15	2
3	Image5D_bf3419_SPOT7.tif:1-1_1_3_NA_NA_1_1_NA_1:80	139	367	14	3
4	Image5D_bf3419_SPOT7.tif:1-1_1_4_NA_NA_1_1_NA_1:109	161	366	10	4
5	Image5D_bf3419_SPOT7.tif:1-1_1_5_NA_NA_1_1_NA_1:145	187	389	13	5
6	Image5D_bf3419_SPOT7.tif:1-1_1_6_NA_NA_1_1_NA_1:178	191	395	13	6
7	Image5D_bf3419_SPOT7.tif:1-1_1_7_NA_NA_1_1_NA_1:211	180	405	13	7
8	Image5D_bf3419_SPOT7.tif:1-1_1_8_NA_NA_1_1_NA_1:243	165	409	12	8
9	Image5D_bf3419_SPOT7.tif:1-1_1_9_NA_NA_1_1_NA_1:280	178	407	16	9
10	Image5D_bf3419_SPOT7.tif:1-1_1_10_NA_NA_1_1_NA_1:309	163	399	12	10
11	Image5D_bf3419_SPOT7.tif:1-1_1_11_NA_NA_1_1_NA_1:344	167	395	14	11
12	Image5D_bf3419_SPOT7.tif:1-1_1_12_NA_NA_1_1_NA_1:377	178	401	14	12
13	Image5D_bf3419_SPOT7.tif:1-1_1_13_NA_NA_1_1_NA_1:409	173	396	13	13
14	Image5D_bf3419_SPOT7.tif:1-1_1_14_NA_NA_1_1_NA_1:442	182	399	13	14
15	Image5D_bf3419_SPOT7.tif:1-1_1_15_NA_NA_1_1_NA_1:475	189	403	13	15
16	Image5D_bf3419_SPOT7.tif:2-1_1_16_1-1_1_1_2-2_1:509	171	414	14	16
17	Image5D_bf3419_SPOT7.tif:2-2_1_16_1-1_1_1_2-1_1:509	167	398	14	16
18	Image5D_bf3419_SPOT7.tif:2-1_1_17_1-1_1_1_2-2_1:543	184	412	15	17
19	Image5D_bf3419_SPOT7.tif:2-2_1_17_1-1_1_1_2-1_1:543	183	399	15	17
20	Image5D_bf3419_SPOT7.tif:2-1_1_18_1-1_1_1_2-2_1:575	173	426	14	18
21	Image5D_bf3419_SPOT7.tif:2-2_1_18_1-1_1_1_2-1_1:575	176	400	14	18
22	Image5D_bf3419_SPOT7.tif:2-1_1_19_1-1_1_1_2-2_1:607	167	431	13	19
23	Image5D_bf3419_SPOT7.tif:3-1_2_19_2-2_1_1_3-2_1:607	174	405	13	19
24	Image5D_bf3419_SPOT7.tif:3-2_2_19_2-2_1_1_3-1_1:607	214	373	13	19
25	Image5D_bf3419_SPOT7.tif:2-1_1_20_1-1_1_1_2-2_1:640	176	434	13	20
26	Image5D_bf3419_SPOT7.tif:3-1_2_20_2-2_1_1_3-2_1:640	184	410	13	20
27	Image5D_bf3419_SPOT7.tif:4-1_2_20_3-2_1_1_4-2_1:640	213	389	13	20
28	Image5D_bf3419_SPOT7.tif:4-2_2_20_3-2_0-5_1_4-1_1:640	235	362	13	20
29	Image5D_bf3419_SPOT7.tif:2-1_1_21_1-1_1_1_2-2_1:673	179	432	13	21
30	Image5D_bf3419_SPOT7.tif:4-1_2_21_3-2_1_1_4-2_1:673	212	388	13	21
31	Image5D_bf3419_SPOT7.tif:4-2_2_21_3-2_0-5_1_4-1_1:673	243	358	13	21
32	Image5D_bf3419_SPOT7.tif:4-3_3_21_3-1_1_0-5_4-4_0-5:673	259	384	13	21
33	Image5D_bf3419_SPOT7.tif:4-4_3_21_3-1_1_0-5_4-3_0-5:673	268	350	13	21
34	Image5D_bf3419_SPOT7.tif:4-5_3_21_3-1_1_0-5_4-6_0-5:673	274	298	13	21
35	Image5D_bf3419_SPOT7.tif:4-6_3_21_3-1_1_0-5_4-5_0-5:673	278	320	13	21
36	Image5D_bf3419_SPOT7.tif:2-1_1_22_1-1_1_1_2-2_1:707	173	421	14	22
37	Image5D_bf3419_SPOT7.tif:4-1_2_22_3-2_1_1_4-2_1:707	219	366	14	22
38	Image5D_bf3419_SPOT7.tif:4-2_2_22_3-2_0-5_1_4-1_1:707	246	353	14	22
39	Image5D_bf3419_SPOT7.tif:4-3_3_22_3-1_1_0-5_4-4_0-5:707	195	463	14	22
40	Image5D_bf3419_SPOT7.tif:4-4_3_22_3-1_1_0-5_4-3_0-5:707	183	448	14	22
41	Image5D_bf3419_SPOT7.tif:4-5_3_22_3-1_1_0-5_4-6_0-5:707	279	252	14	22
42	Image5D_bf3419_SPOT7.tif:4-6_3_22_3-1_1_0-5_4-5_0-5:707	323	261	14	22
43	Image5D_bf3419_SPOT7.tif:2-1_1_23_1-1_1_1_2-2_1:739	172	430	13	23
44	Image5D_bf3419_SPOT7.tif:4-2_2_23_3-2_0-5_1_4-1_1:739	240	355	13	23
45	Image5D_bf3419_SPOT7.tif:4-3_3_23_3-1_1_0-5_4-4_0-5:739	194	471	13	23
46	Image5D_bf3419_SPOT7.tif:4-4_3_23_3-1_1_0-5_4-3_0-5:739	181	455	13	23
47	Image5D_bf3419_SPOT7.tif:4-5_3_23_3-1_1_0-5_4-6_0-5:739	271	290	13	23
48	Image5D_bf3419_SPOT7.tif:4-6_3_23_3-1_1_0-5_4-5_0-5:739	320	265	13	23
49	Image5D_bf3419_SPOT7.tif:5-1_3_23_4-1_1_1_5-2_1:739	219	366	13	23
50	Image5D_bf3419_SPOT7.tif:5-2_3_23_4-1_1_1_5-1_1:739	278	306	13	23
51	Image5D_bf3419_SPOT7.tif:2-1_1_24_1-1_1_1_2-2_1:773	161	412	14	24
52	Image5D_bf3419_SPOT7.tif:4-2_2_24_3-2_0-5_1_4-1_1:773	230	338	14	24
53	Image5D_bf3419_SPOT7.tif:4-3_3_24_3-1_1_0-5_4-4_0-5:773	181	458	14	24
54	Image5D_bf3419_SPOT7.tif:4-4_3_24_3-1_1_0-5_4-3_0-5:773	140	507	14	24
55	Image5D_bf3419_SPOT7.tif:4-5_3_24_3-1_1_0-5_4-6_0-5:773	258	275	14	24
56	Image5D_bf3419_SPOT7.tif:4-6_3_24_3-1_1_0-5_4-5_0-5:773	306	255	14	24
57	Image5D_bf3419_SPOT7.tif:5-1_3_24_4-1_1_1_5-2_1:773	198	360	14	24
58	Image5D_bf3419_SPOT7.tif:5-2_3_24_4-1_1_1_5-1_1_0:773	263	302	14	24
59	Image5D_bf3419_SPOT7.tif:2-1_1_25_1-1_1_1_2-2_1:805	173	411	13	25
60	Image5D_bf3419_SPOT7.tif:4-2_2_25_3-2_0-5_1_4-1_1:805	242	337	13	25
61	Image5D_bf3419_SPOT7.tif:4-3_3_25_3-1_1_0-5_4-4_0-5:805	195	451	13	25
62	Image5D_bf3419_SPOT7.tif:4-4_3_25_3-1_1_0-5_4-3_0-5_0:805	158	462	13	25
63	Image5D_bf3419_SPOT7.tif:4-5_3_25_3-1_1_0-5_4-6_0-5:805	271	272	13	25
64	Image5D_bf3419_SPOT7.tif:4-6_3_25_3-1_1_0-5_4-5_0-5:805	320	250	13	25
65	Image5D_bf3419_SPOT7.tif:5-1_3_25_4-1_1_1_5-2_1:805	217	356	13	25
66	Image5D_bf3419_SPOT7.tif:2-1_1_26_1-1_1_1_2-2_1:838	168	413	13	26
67	Image5D_bf3419_SPOT7.tif:4-2_2_26_3-2_0-5_1_4-1_1:838	234	341	13	26
68	Image5D_bf3419_SPOT7.tif:4-3_3_26_3-1_1_0-5_4-4_0-5:838	186	456	13	26
69	Image5D_bf3419_SPOT7.tif:4-5_3_26_3-1_1_0-5_4-6_0-5:838	271	279	13	26
70	Image5D_bf3419_SPOT7.tif:4-6_3_26_3-1_1_0-5_4-5_0-5:838	312	253	13	26
71	Image5D_bf3419_SPOT7.tif:5-1_3_26_4-1_1_1_5-2_1:838	206	365	13	26
72	Image5D_bf3419_SPOT7.tif:2-1_1_27_1-1_1_1_2-2_1:871	161	420	13	27
73	Image5D_bf3419_SPOT7.tif:4-2_2_27_3-2_0-5_1_4-1_1:871	229	350	13	27
74	Image5D_bf3419_SPOT7.tif:4-3_3_27_3-1_1_0-5_4-4_0-5:871	181	461	13	27
75	Image5D_bf3419_SPOT7.tif:4-5_3_27_3-1_1_0-5_4-6_0-5:871	263	285	13	27
76	Image5D_bf3419_SPOT7.tif:4-6_3_27_3-1_1_0-5_4-5_0-5:871	307	263	13	27
77	Image5D_bf3419_SPOT7.tif:5-1_3_27_4-1_1_1_5-2_1:871	201	372	13	27
78	Image5D_bf3419_SPOT7.tif:3-3_2_28_2-1_1_1_3-4_1:903	173	421	12	28
79	Image5D_bf3419_SPOT7.tif:3-4_2_28_2-1_1_1_3-3_1:903	186	435	12	28
80	Image5D_bf3419_SPOT7.tif:4-2_2_28_3-2_0-5_1_4-1_1:903	237	350	12	28
81	Image5D_bf3419_SPOT7.tif:4-3_3_28_3-1_1_0-5_4-4_0-5:903	195	468	12	28
82	Image5D_bf3419_SPOT7.tif:4-5_3_28_3-1_1_0-5_4-6_0-5:903	260	326	12	28
83	Image5D_bf3419_SPOT7.tif:4-6_3_28_3-1_1_0-5_4-5_0-5:903	311	267	12	28
84	Image5D_bf3419_SPOT7.tif:5-1_3_28_4-1_1_1_5-2_1:903	210	380	12	28
85	Image5D_bf3419_SPOT7.tif:3-3_2_29_2-1_1_1_3-4_1:937	169	425	13	29
86	Image5D_bf3419_SPOT7.tif:3-4_2_29_2-1_1_1_3-3_1:937	188	437	13	29
87	Image5D_bf3419_SPOT7.tif:4-2_2_29_3-2_0-5_1_4-1_1:937	234	354	13	29
88	Image5D_bf3419_SPOT7.tif:4-3_3_29_3-1_1_0-5_4-4_0-5:937	192	472	13	29
89	Image5D_bf3419_SPOT7.tif:4-5_3_29_3-1_1_0-5_4-6_0-5:937	242	339	13	29
90	Image5D_bf3419_SPOT7.tif:4-6_3_29_3-1_1_0-5_4-5_0-5:937	305	270	13	29
91	Image5D_bf3419_SPOT7.tif:5-1_3_29_4-1_1_1_5-2_1:937	207	384	13	29
92	Image5D_bf3419_SPOT7.tif:3-4_2_30_2-1_1_1_3-3_1:968	189	428	11	30
93	Image5D_bf3419_SPOT7.tif:4-2_2_30_3-2_0-5_1_4-1_1:968	237	347	11	30
94	Image5D_bf3419_SPOT7.tif:4-3_3_30_3-1_1_0-5_4-4_0-5:968	197	463	11	30
95	Image5D_bf3419_SPOT7.tif:4-5_3_30_3-1_1_0-5_4-6_0-5:968	249	330	11	30
96	Image5D_bf3419_SPOT7.tif:4-6_3_30_3-1_1_0-5_4-5_0-5:970	313	261	13	30
97	Image5D_bf3419_SPOT7.tif:4-7_2_30_3-3_1_1_4-8_1:968	167	425	11	30
98	Image5D_bf3419_SPOT7.tif:4-8_2_30_3-3_0-5_1_4-7_1:968	185	402	11	30
99	Image5D_bf3419_SPOT7.tif:5-1_3_30_4-1_1_1_5-2_1:968	209	377	11	30
100	Image5D_bf3419_SPOT7.tif:4-2_2_31_3-2_0-5_1_4-1_1:1002	240	350	12	31
101	Image5D_bf3419_SPOT7.tif:4-3_3_31_3-1_1_0-5_4-4_0-5:1002	193	467	12	31
102	Image5D_bf3419_SPOT7.tif:4-5_3_31_3-1_1_0-5_4-6_0-5:1002	246	335	12	31
103	Image5D_bf3419_SPOT7.tif:4-6_3_31_3-1_1_0-5_4-5_0-5:1002	315	262	12	31
104	Image5D_bf3419_SPOT7.tif:4-7_2_31_3-3_1_1_4-8_1:1001	169	429	11	31
105	Image5D_bf3419_SPOT7.tif:4-8_2_31_3-3_1_1_4-7_1:1002	222	354	12	31
106	Image5D_bf3419_SPOT7.tif:4-9_2_31_3-4_1_1_4-10_1:1002	195	432	12	31
107	Image5D_bf3419_SPOT7.tif:4-10_3_31_3-4_1_1_4-10_1:1002	210	411	12	31
108	Image5D_bf3419_SPOT7.tif:5-1_3_31_4-1_1_1_5-2_1:1002	208	383	12	31
109	Image5D_bf3419_SPOT7.tif:4-2_2_32_3-2_0-5_1_4-1_1:1036	218	355	13	32
110	Image5D_bf3419_SPOT7.tif:4-3_3_32_3-1_1_0-5_4-4_0-5:1036	178	471	13	32
111	Image5D_bf3419_SPOT7.tif:4-5_3_32_3-1_1_0-5_4-6_0-5:1036	229	340	13	32
112	Image5D_bf3419_SPOT7.tif:4-6_3_32_3-1_1_0-5_4-5_0-5:1036	300	267	13	32
113	Image5D_bf3419_SPOT7.tif:4-7_2_32_3-3_1_1_4-8_1:1036	158	428	13	32
114	Image5D_bf3419_SPOT7.tif:4-8_2_32_3-3_1_1_4-7_1:1036	206	364	13	32
115	Image5D_bf3419_SPOT7.tif:4-9_2_32_3-4_1_1_4-10_1:1036	175	438	13	32
116	Image5D_bf3419_SPOT7.tif:4-10_3_32_3-4_1_1_4-10_1:1036	199	410	13	32
117	Image5D_bf3419_SPOT7.tif:5-1_3_32_4-1_1_1_5-2_1:1036	192	386	13	32
118	Image5D_bf3419_SPOT7.tif:4-2_2_33_3-2_0-5_1_4-1_1:1069	234	360	13	33
119	Image5D_bf3419_SPOT7.tif:4-3_3_33_3-1_1_0-5_4-4_0-5:1069	186	475	13	33
120	Image5D_bf3419_SPOT7.tif:4-5_3_33_3-1_1_0-5_4-6_0-5:1069	237	345	13	33
121	Image5D_bf3419_SPOT7.tif:4-6_3_33_3-1_1_0-5_4-5_0-5:1069	308	272	13	33
122	Image5D_bf3419_SPOT7.tif:4-7_2_33_3-3_1_1_4-8_1:1069	164	431	13	33
123	Image5D_bf3419_SPOT7.tif:4-8_2_33_3-3_1_1_4-7_1:1069	263	320	13	33
124	Image5D_bf3419_SPOT7.tif:4-9_2_33_3-4_1_1_4-10_1:1069	188	442	13	33
125	Image5D_bf3419_SPOT7.tif:4-10_3_33_3-4_1_1_4-10_1_0:1069	216	415	13	33
126	Image5D_bf3419_SPOT7.tif:5-1_3_33_4-1_1_1_5-2_1_0:1069	214	373	13	33
127	Image5D_bf3419_SPOT7.tif:4-3_3_34_3-1_1_0-5_4-4_0-5:1101	155	463	12	34
128	Image5D_bf3419_SPOT7.tif:4-5_3_34_3-1_1_0-5_4-6_0-5:1101	210	331	12	34
129	Image5D_bf3419_SPOT7.tif:4-6_3_34_3-1_1_0-5_4-5_0-5:1101	280	257	12	34
130	Image5D_bf3419_SPOT7.tif:4-8_2_34_3-3_1_1_4-7_1:1101	232	309	12	34
131	Image5D_bf3419_SPOT7.tif:4-9_2_34_3-4_1_1_4-10_1:1101	157	425	12	34
132	Image5D_bf3419_SPOT7.tif:5-5_3_34_4-2_1_1_5-6_1:1102	199	349	13	34
133	Image5D_bf3419_SPOT7.tif:5-6_2_34_4-2_1_1_5-5_1:1102	212	351	13	34
134	Image5D_bf3419_SPOT7.tif:5-7_2_34_4-7_0-5_1_5-8_1:1102	176	368	13	34
135	Image5D_bf3419_SPOT7.tif:5-8_2_34_4-7_0-5_1_5-7_1:1102	131	418	13	34
136	Image5D_bf3419_SPOT7.tif:4-3_3_35_3-1_1_0-5_4-4_0-5:1135	152	473	13	35
137	Image5D_bf3419_SPOT7.tif:4-5_3_35_3-1_1_0-5_4-6_0-5:1135	204	344	13	35
138	Image5D_bf3419_SPOT7.tif:4-6_3_35_3-1_1_0-5_4-5_0-5:1135	272	271	13	35
139	Image5D_bf3419_SPOT7.tif:4-8_2_35_3-3_1_1_4-7_1:1135	226	321	13	35
140	Image5D_bf3419_SPOT7.tif:5-5_3_35_4-2_1_1_5-4_1:1135	195	358	13	35
141	Image5D_bf3419_SPOT7.tif:5-6_2_35_4-2_1_1_5-5_1:1135	204	364	13	35
142	Image5D_bf3419_SPOT7.tif:5-7_2_35_4-7_0-5_1_5-8_1:1135	174	373	13	35
143	Image5D_bf3419_SPOT7.tif:5-9_2_35_4-9_1_1_5-10_1:1135	151	440	13	35
144	Image5D_bf3419_SPOT7.tif:5-10_2_35_4-9_1_1_5-9_1:1135	173	408	13	35
145	Image5D_bf3419_SPOT7.tif:6-1_3_35_5-8_1_1_6-2_1:1135	130	431	13	35
146	Image5D_bf3419_SPOT7.tif:6-2_2_35_5-8_1_1_6-1_1:1135	145	404	13	35
147	Image5D_bf3419_SPOT7.tif:4-3_3_36_3-1_1_0-5_4-4_0-5:1168	111	471	13	36
148	Image5D_bf3419_SPOT7.tif:4-5_3_36_3-1_1_0-5_4-6_0-5:1168	168	337	13	36
149	Image5D_bf3419_SPOT7.tif:4-6_3_36_3-1_1_0-5_4-5_0-5:1168	233	267	13	36
150	Image5D_bf3419_SPOT7.tif:4-8_2_36_3-3_1_1_4-7_1:1168	192	312	13	36
151	Image5D_bf3419_SPOT7.tif:5-5_3_36_4-2_1_1_5-6_1:1168	157	358	13	36
152	Image5D_bf3419_SPOT7.tif:5-6_2_36_4-2_1_1_5-5_1:1168	166	366	13	36
153	Image5D_bf3419_SPOT7.tif:5-7_2_36_4-7_0-5_1_5-8_1:1168	143	362	13	36
154	Image5D_bf3419_SPOT7.tif:5-9_2_36_4-9_1_1_5-10_1:1168	121	440	13	36
155	Image5D_bf3419_SPOT7.tif:6-1_3_36_5-8_1_1_6-2_1:1166	82	446	11	36
156	Image5D_bf3419_SPOT7.tif:6-2_2_36_5-8_1_1_6-1_1:1166	100	418	11	36
157	Image5D_bf3419_SPOT7.tif:6-3_2_36_5-10_1_1_6-4_1:1168	140	403	13	36
158	Image5D_bf3419_SPOT7.tif:6-4_2_36_5-10_1_1_6-3_1:1168	187	372	13	36
159	Image5D_bf3419_SPOT7.tif:4-3_3_37_3-1_1_0-5_4-4_0-5_0:1200	108	486	12	37
160	Image5D_bf3419_SPOT7.tif:4-5_3_37_3-1_1_0-5_4-6_0-5:1200	171	341	12	37
161	Image5D_bf3419_SPOT7.tif:4-6_3_37_3-1_1_0-5_4-5_0-5:1200	238	262	12	37
162	Image5D_bf3419_SPOT7.tif:5-5_3_37_4-2_1_1_5-6_1:1200	161	358	12	37
163	Image5D_bf3419_SPOT7.tif:5-7_2_37_4-7_0-5_1_5-8_1:1200	138	364	12	37
164	Image5D_bf3419_SPOT7.tif:5-9_2_37_4-9_1_1_5-10_1:1201	114	438	13	37
165	Image5D_bf3419_SPOT7.tif:5-11_2_37_4-8_1_1_5-12_1:1201	194	319	13	37
166	Image5D_bf3419_SPOT7.tif:5-12_3_37_4-8_1_1_5-11_1:1201	198	286	13	37
167	Image5D_bf3419_SPOT7.tif:6-1_3_37_5-8_1_1_6-2_1:1198	55	452	10	37
168	Image5D_bf3419_SPOT7.tif:6-3_3_37_5-10_1_1_6-4_1:1201	140	407	13	37
169	Image5D_bf3419_SPOT7.tif:6-5_3_37_5-6_1_1_6-6_1:1201	156	384	13	37
170	Image5D_bf3419_SPOT7.tif:6-6_3_37_5-6_1_1_6-6_1:1202	185	370	14	37
171	Image5D_bf3419_SPOT7.tif:7-1_3_37_6-2_1_1_7-2_1:1200	98	426	12	37
172	Image5D_bf3419_SPOT7.tif:7-2_3_37_6-2_1_1_7-1_1:1200	97	407	12	37
173	Image5D_bf3419_SPOT7.tif:7-3_3_37_6-4_1_1_7-4_1:1200	149	423	12	37
174	Image5D_bf3419_SPOT7.tif:7-4_3_37_6-4_1_1_7-4_1:1201	187	376	13	37
175	Image5D_bf3419_SPOT7.tif:4-5_3_38_3-1_1_0-5_4-6_0-5:1234	174	358	13	38
176	Image5D_bf3419_SPOT7.tif:4-6_3_38_3-1_1_0-5_4-5_0-5:1234	239	282	13	38
177	Image5D_bf3419_SPOT7.tif:5-5_3_38_4-2_1_1_5-6_1:1234	167	375	13	38
178	Image5D_bf3419_SPOT7.tif:5-9_2_38_4-9_1_1_5-10_1:1234	120	452	13	38
179	Image5D_bf3419_SPOT7.tif:5-12_3_38_4-8_1_1_5-11_1:1234	202	300	13	38
180	Image5D_bf3419_SPOT7.tif:6-1_3_38_5-8_1_1_6-2_1_0:1234	77	456	13	38
181	Image5D_bf3419_SPOT7.tif:6-3_3_38_5-10_1_1_6-4_1:1234	156	406	13	38
182	Image5D_bf3419_SPOT7.tif:6-5_3_38_5-6_1_1_6-6_1_0:1234	169	384	13	38
183	Image5D_bf3419_SPOT7.tif:6-6_3_38_5-6_1_1_6-6_1:1235	188	387	14	38
184	Image5D_bf3419_SPOT7.tif:6-7_3_38_5-7_1_1_6-8_1:1235	133	401	14	38
185	Image5D_bf3419_SPOT7.tif:6-8_3_38_5-7_1_1_6-7_1:1235	142	376	14	38
186	Image5D_bf3419_SPOT7.tif:6-9_3_38_5-11_1_1_6-10_1:1235	212	321	14	38
187	Image5D_bf3419_SPOT7.tif:6-10_3_38_5-11_1_1_6-9_1:1235	193	331	14	38
188	Image5D_bf3419_SPOT7.tif:7-1_3_38_6-2_1_1_7-2_1_0:1235	124	420	14	38
189	Image5D_bf3419_SPOT7.tif:7-2_3_38_6-2_1_1_7-1_1_0:1235	114	415	14	38
190	Image5D_bf3419_SPOT7.tif:7-3_3_38_6-4_1_1_7-4_1:1235	175	411	14	38
191	Image5D_bf3419_SPOT7.tif:7-4_3_38_6-4_1_1_7-4_1:1235	214	368	14	38
192	Image5D_bf3419_SPOT7.tif:4-5_3_39_3-1_1_0-5_4-6_0-5:1267	191	360	13	39
193	Image5D_bf3419_SPOT7.tif:4-6_3_39_3-1_1_0-5_4-5_0-5_0:1267	246	278	13	39
194	Image5D_bf3419_SPOT7.tif:5-5_3_39_4-2_1_1_5-6_1:1267	182	377	13	39
195	Image5D_bf3419_SPOT7.tif:5-12_3_39_4-8_1_1_5-11_1:1267	209	311	13	39
196	Image5D_bf3419_SPOT7.tif:6-3_3_39_5-10_1_1_6-4_1:1267	180	398	13	39
197	Image5D_bf3419_SPOT7.tif:6-6_3_39_5-6_1_1_6-6_1:1267	213	370	13	39
198	Image5D_bf3419_SPOT7.tif:6-7_3_39_5-7_1_1_6-8_1:1267	112	450	13	39
199	Image5D_bf3419_SPOT7.tif:6-8_3_39_5-7_1_1_6-7_1:1267	160	386	13	39
200	Image5D_bf3419_SPOT7.tif:6-10_3_39_5-11_1_1_6-9_1:1267	212	333	13	39
201	Image5D_bf3419_SPOT7.tif:6-11_2_39_5-9_1_1_6-12_1:1267	135	456	13	39
202	Image5D_bf3419_SPOT7.tif:6-12_3_39_5-9_1_1_6-11_1:1267	157	435	13	39
203	Image5D_bf3419_SPOT7.tif:7-3_3_39_6-4_1_1_7-4_1:1267	171	440	13	39
204	Image5D_bf3419_SPOT7.tif:7-4_3_39_6-4_1_1_7-4_1:1267	238	396	13	39
205	Image5D_bf3419_SPOT7.tif:4-5_3_40_3-1_1_0-5_4-6_0-5:1299	188	369	12	40
206	Image5D_bf3419_SPOT7.tif:5-5_3_40_4-2_1_1_5-6_1:1299	181	390	12	40
207	Image5D_bf3419_SPOT7.tif:5-12_3_40_4-8_1_1_5-11_1:1299	208	321	12	40
208	Image5D_bf3419_SPOT7.tif:6-3_3_40_5-10_1_1_6-4_1:1300	173	416	13	40
209	Image5D_bf3419_SPOT7.tif:6-6_3_40_5-6_1_1_6-6_1:1299	221	380	12	40
210	Image5D_bf3419_SPOT7.tif:6-7_3_40_5-7_1_1_6-8_1:1299	114	459	12	40
211	Image5D_bf3419_SPOT7.tif:6-8_3_40_5-7_1_1_6-7_1:1299	163	393	12	40
212	Image5D_bf3419_SPOT7.tif:6-10_3_40_5-11_1_1_6-9_1:1299	210	342	12	40
213	Image5D_bf3419_SPOT7.tif:6-11_2_40_5-9_1_1_6-12_1:1299	126	489	12	40
214	Image5D_bf3419_SPOT7.tif:6-12_3_40_5-9_1_1_6-11_1:1299	152	446	12	40
215	Image5D_bf3419_SPOT7.tif:7-3_3_40_6-4_1_1_7-4_1:1299	166	460	12	40
216	Image5D_bf3419_SPOT7.tif:7-4_3_40_6-4_1_1_7-4_1:1299	242	411	12	40
217	Image5D_bf3419_SPOT7.tif:4-5_3_41_3-1_1_0-5_4-6_0-5:1334	186	372	14	41
218	Image5D_bf3419_SPOT7.tif:5-5_3_41_4-2_1_1_5-6_1_0:1334	174	393	14	41
219	Image5D_bf3419_SPOT7.tif:5-12_3_41_4-8_1_1_5-11_1:1334	199	321	14	41
220	Image5D_bf3419_SPOT7.tif:6-3_3_41_5-10_1_1_6-4_1:1334	191	388	14	41
221	Image5D_bf3419_SPOT7.tif:6-6_3_41_5-6_1_1_6-6_1:1334	226	384	14	41
222	Image5D_bf3419_SPOT7.tif:6-7_3_41_5-7_1_1_6-8_1:1334	109	461	14	41
223	Image5D_bf3419_SPOT7.tif:6-8_3_41_5-7_1_1_6-7_1:1334	158	396	14	41
224	Image5D_bf3419_SPOT7.tif:6-10_3_41_5-11_1_1_6-9_1:1334	208	348	14	41
225	Image5D_bf3419_SPOT7.tif:6-11_2_41_5-9_1_1_6-12_1:1334	131	473	14	41
226	Image5D_bf3419_SPOT7.tif:6-12_3_41_5-9_1_1_6-11_1:1334	205	404	14	41
227	Image5D_bf3419_SPOT7.tif:7-3_3_41_6-4_1_1_7-4_1:1334	159	461	14	41
228	Image5D_bf3419_SPOT7.tif:7-4_3_41_6-4_1_1_7-4_1:1334	235	417	14	41
229	Image5D_bf3419_SPOT7.tif:4-5_3_42_3-1_1_0-5_4-6_0-5:1366	190	372	13	42
230	Image5D_bf3419_SPOT7.tif:5-12_3_42_4-8_1_1_5-11_1:1366	206	324	13	42
231	Image5D_bf3419_SPOT7.tif:6-3_3_42_5-10_1_1_6-4_1:1366	219	315	13	42
232	Image5D_bf3419_SPOT7.tif:6-6_3_42_5-6_1_1_6-6_1:1366	231	385	13	42
233	Image5D_bf3419_SPOT7.tif:6-7_3_42_5-7_1_1_6-8_1:1366	109	464	13	42
234	Image5D_bf3419_SPOT7.tif:6-8_3_42_5-7_1_1_6-7_1:1366	162	397	13	42
235	Image5D_bf3419_SPOT7.tif:6-10_3_42_5-11_1_1_6-9_1:1366	216	345	13	42
236	Image5D_bf3419_SPOT7.tif:6-12_3_42_5-9_1_1_6-11_1:1366	208	402	13	42
237	Image5D_bf3419_SPOT7.tif:7-3_3_42_6-4_1_1_7-4_1:1366	165	462	13	42
238	Image5D_bf3419_SPOT7.tif:7-4_3_42_6-4_1_1_7-4_1:1366	240	414	13	42
239	Image5D_bf3419_SPOT7.tif:7-5_3_42_6-11_1_1_7-6_1:1366	127	480	13	42
240	Image5D_bf3419_SPOT7.tif:7-6_3_42_6-11_1_1_7-5_1:1366	160	434	13	42
241	Image5D_bf3419_SPOT7.tif:4-5_3_43_3-1_1_0-5_4-6_0-5:1398	196	399	12	43
242	Image5D_bf3419_SPOT7.tif:5-12_3_43_4-8_1_1_5-11_1:1398	213	352	12	43
243	Image5D_bf3419_SPOT7.tif:6-3_3_43_5-10_1_1_6-4_1:1398	221	329	12	43
244	Image5D_bf3419_SPOT7.tif:6-6_3_43_5-6_1_1_6-6_1:1398	233	410	12	43
245	Image5D_bf3419_SPOT7.tif:6-7_3_43_5-7_1_1_6-8_1:1398	117	489	12	43
246	Image5D_bf3419_SPOT7.tif:6-8_3_43_5-7_1_1_6-7_1:1398	164	428	12	43
247	Image5D_bf3419_SPOT7.tif:6-10_3_43_5-11_1_1_6-9_1_0:1398	219	371	12	43
248	Image5D_bf3419_SPOT7.tif:6-12_3_43_5-9_1_1_6-11_1_0:1398	212	433	12	43
249	Image5D_bf3419_SPOT7.tif:7-3_3_43_6-4_1_1_7-4_1:1398	172	490	12	43
250	Image5D_bf3419_SPOT7.tif:7-4_3_43_6-4_1_1_7-4_1:1398	246	435	12	43
251	Image5D_bf3419_SPOT7.tif:7-5_3_43_6-11_1_1_7-6_1:1398	139	503	12	43
252	Image5D_bf3419_SPOT7.tif:7-6_3_43_6-11_1_1_7-5_1:1398	172	456	12	43
253	Image5D_bf3419_SPOT7.tif:4-5_3_44_3-1_1_0-5_4-6_0-5:1430	191	380	11	44
254	Image5D_bf3419_SPOT7.tif:5-12_3_44_4-8_1_1_5-11_1:1431	209	334	12	44
255	Image5D_bf3419_SPOT7.tif:6-3_3_44_5-10_1_1_6-4_1:1431	213	303	12	44
256	Image5D_bf3419_SPOT7.tif:6-6_3_44_5-6_1_1_6-6_1:1431	230	392	12	44
257	Image5D_bf3419_SPOT7.tif:6-7_3_44_5-7_1_1_6-8_1:1431	111	474	12	44
258	Image5D_bf3419_SPOT7.tif:6-8_3_44_5-7_1_1_6-7_1:1431	160	406	12	44
259	Image5D_bf3419_SPOT7.tif:7-3_3_44_6-4_1_1_7-4_1:1431	156	479	12	44
260	Image5D_bf3419_SPOT7.tif:7-4_3_44_6-4_1_1_7-4_1:1431	239	421	12	44
261	Image5D_bf3419_SPOT7.tif:7-5_3_44_6-11_1_1_7-6_1:1431	130	484	12	44
262	Image5D_bf3419_SPOT7.tif:7-6_3_44_6-11_1_1_7-5_1:1431	181	421	12	44
263	Image5D_bf3419_SPOT7.tif:4-5_3_45_3-1_1_0-5_4-6_0-5:1466	181	390	14	45
264	Image5D_bf3419_SPOT7.tif:5-12_3_45_4-8_1_1_5-11_1:1466	202	340	14	45
265	Image5D_bf3419_SPOT7.tif:6-3_3_45_5-10_1_1_6-4_1:1466	205	314	14	45
266	Image5D_bf3419_SPOT7.tif:6-6_3_45_5-6_1_1_6-6_1:1466	222	402	14	45
267	Image5D_bf3419_SPOT7.tif:6-7_3_45_5-7_1_1_6-8_1:1466	105	479	14	45
268	Image5D_bf3419_SPOT7.tif:6-8_3_45_5-7_1_1_6-7_1:1466	155	415	14	45
269	Image5D_bf3419_SPOT7.tif:7-3_3_45_6-4_1_1_7-4_1:1466	132	508	14	45
270	Image5D_bf3419_SPOT7.tif:7-4_3_45_6-4_1_1_7-4_1:1466	232	433	14	45
271	Image5D_bf3419_SPOT7.tif:7-5_3_45_6-11_1_1_7-6_1:1466	122	497	14	45
272	Image5D_bf3419_SPOT7.tif:7-6_3_45_6-11_1_1_7-5_1:1466	171	427	14	45
273	Image5D_bf3419_SPOT7.tif:4-5_3_46_3-1_1_0-5_4-6_0-5:1498	187	374	13	46
274	Image5D_bf3419_SPOT7.tif:5-12_3_46_4-8_1_1_5-11_1:1498	205	328	13	46
275	Image5D_bf3419_SPOT7.tif:6-3_3_46_5-10_1_1_6-4_1:1498	207	302	13	46
276	Image5D_bf3419_SPOT7.tif:6-6_3_46_5-6_1_1_6-6_1_0:1498	217	415	13	46
277	Image5D_bf3419_SPOT7.tif:6-7_3_46_5-7_1_1_6-8_1:1498	114	466	13	46
278	Image5D_bf3419_SPOT7.tif:6-8_3_46_5-7_1_1_6-7_1:1498	160	402	13	46
279	Image5D_bf3419_SPOT7.tif:7-3_3_46_6-4_1_1_7-4_1:1498	139	494	13	46
280	Image5D_bf3419_SPOT7.tif:7-4_3_46_6-4_1_1_7-4_1:1498	241	418	13	46
281	Image5D_bf3419_SPOT7.tif:7-5_3_46_6-11_1_1_7-6_1:1498	126	479	13	46
282	Image5D_bf3419_SPOT7.tif:7-6_3_46_6-11_1_1_7-5_1:1498	179	416	13	46
283	Image5D_bf3419_SPOT7.tif:4-5_3_47_3-1_1_0-5_4-6_0-5:1531	191	361	13	47
284	Image5D_bf3419_SPOT7.tif:5-12_3_47_4-8_1_1_5-11_1:1531	206	318	13	47
285	Image5D_bf3419_SPOT7.tif:6-3_3_47_5-10_1_1_6-4_1:1531	210	290	13	47
286	Image5D_bf3419_SPOT7.tif:6-7_3_47_5-7_1_1_6-8_1:1531	113	452	13	47
287	Image5D_bf3419_SPOT7.tif:6-8_3_47_5-7_1_1_6-7_1:1531	161	393	13	47
288	Image5D_bf3419_SPOT7.tif:7-3_3_47_6-4_1_1_7-4_1:1531	138	484	13	47
289	Image5D_bf3419_SPOT7.tif:7-4_3_47_6-4_1_1_7-4_1:1531	238	405	13	47
290	Image5D_bf3419_SPOT7.tif:7-5_3_47_6-11_1_1_7-6_1:1531	127	469	13	47
291	Image5D_bf3419_SPOT7.tif:7-6_3_47_6-11_1_1_7-5_1:1531	174	409	13	47
292	Image5D_bf3419_SPOT7.tif:4-5_3_48_3-1_1_0-5_4-6_0-5:1564	194	369	13	48
293	Image5D_bf3419_SPOT7.tif:5-12_3_48_4-8_1_1_5-11_1:1564	214	322	13	48
294	Image5D_bf3419_SPOT7.tif:6-3_3_48_5-10_1_1_6-4_1:1564	216	294	13	48
295	Image5D_bf3419_SPOT7.tif:6-7_3_48_5-7_1_1_6-8_1:1564	115	463	13	48
296	Image5D_bf3419_SPOT7.tif:6-8_3_48_5-7_1_1_6-7_1:1564	164	392	13	48
297	Image5D_bf3419_SPOT7.tif:7-3_3_48_6-4_1_1_7-4_1:1564	142	493	13	48
298	Image5D_bf3419_SPOT7.tif:7-4_3_48_6-4_1_1_7-4_1:1564	244	410	13	48
299	Image5D_bf3419_SPOT7.tif:7-5_3_48_6-11_1_1_7-6_1:1564	133	476	13	48
300	Image5D_bf3419_SPOT7.tif:7-6_3_48_6-11_1_1_7-5_1:1564	171	422	13	48
301	Image5D_bf3419_SPOT7.tif:4-5_3_49_3-1_1_0-5_4-6_0-5:1596	191	364	12	49
302	Image5D_bf3419_SPOT7.tif:5-12_3_49_4-8_1_1_5-11_1:1596	211	310	12	49
303	Image5D_bf3419_SPOT7.tif:6-3_3_49_5-10_1_1_6-4_1:1596	215	282	12	49
304	Image5D_bf3419_SPOT7.tif:6-7_3_49_5-7_1_1_6-8_1_0:1596	121	442	12	49
305	Image5D_bf3419_SPOT7.tif:6-8_3_49_5-7_1_1_6-7_1:1596	159	384	12	49
306	Image5D_bf3419_SPOT7.tif:7-3_3_49_6-4_1_1_7-4_1:1596	137	483	12	49
307	Image5D_bf3419_SPOT7.tif:7-4_3_49_6-4_1_1_7-4_1:1596	238	405	12	49
308	Image5D_bf3419_SPOT7.tif:7-5_3_49_6-11_1_1_7-6_1:1596	131	469	12	49
309	Image5D_bf3419_SPOT7.tif:7-6_3_49_6-11_1_1_7-5_1:1596	163	422	12	49
310	Image5D_bf3419_SPOT7.tif:4-5_3_50_3-1_1_0-5_4-6_0-5:1631	192	375	14	50
311	Image5D_bf3419_SPOT7.tif:5-12_3_50_4-8_1_1_5-11_1_0:1631	207	322	14	50
312	Image5D_bf3419_SPOT7.tif:6-3_3_50_5-10_1_1_6-4_1:1631	219	304	14	50
313	Image5D_bf3419_SPOT7.tif:6-8_3_50_5-7_1_1_6-7_1:1631	164	403	14	50
314	Image5D_bf3419_SPOT7.tif:7-3_3_50_6-4_1_1_7-4_1:1631	143	498	14	50
315	Image5D_bf3419_SPOT7.tif:7-4_3_50_6-4_1_1_7-4_1_0:1631	238	419	14	50
316	Image5D_bf3419_SPOT7.tif:7-5_3_50_6-11_1_1_7-6_1:1631	132	481	14	50
317	Image5D_bf3419_SPOT7.tif:7-6_3_50_6-11_1_1_7-5_1:1631	162	442	14	50
318	Image5D_bf3419_SPOT7.tif:4-5_3_51_3-1_1_0-5_4-6_0-5:1662	189	380	12	51
319	Image5D_bf3419_SPOT7.tif:6-3_3_51_5-10_1_1_6-4_1:1662	211	307	12	51
320	Image5D_bf3419_SPOT7.tif:6-8_3_51_5-7_1_1_6-7_1:1662	160	403	12	51
321	Image5D_bf3419_SPOT7.tif:7-3_3_51_6-4_1_1_7-4_1_0:1662	149	491	12	51
322	Image5D_bf3419_SPOT7.tif:7-5_3_51_6-11_1_1_7-6_1_0:1662	122	483	12	51
323	Image5D_bf3419_SPOT7.tif:7-6_3_51_6-11_1_1_7-5_1:1662	160	444	12	51
324	Image5D_bf3419_SPOT7.tif:4-5_3_52_3-1_1_0-5_4-6_0-5:1695	180	378	12	52
325	Image5D_bf3419_SPOT7.tif:6-3_3_52_5-10_1_1_6-4_1:1695	204	297	12	52
326	Image5D_bf3419_SPOT7.tif:6-8_3_52_5-7_1_1_6-7_1:1695	153	400	12	52
327	Image5D_bf3419_SPOT7.tif:7-6_3_52_6-11_1_1_7-5_1:1695	154	435	12	52
328	Image5D_bf3419_SPOT7.tif:4-5_3_53_3-1_1_0-5_4-6_0-5:1728	185	384	12	53
329	Image5D_bf3419_SPOT7.tif:6-3_3_53_5-10_1_1_6-4_1:1728	208	304	12	53
330	Image5D_bf3419_SPOT7.tif:6-8_3_53_5-7_1_1_6-7_1:1728	154	407	12	53
331	Image5D_bf3419_SPOT7.tif:7-6_3_53_6-11_1_1_7-5_1:1728	157	448	12	53
332	Image5D_bf3419_SPOT7.tif:4-5_3_54_3-1_1_0-5_4-6_0-5:1758	175	377	9	54
333	Image5D_bf3419_SPOT7.tif:6-3_3_54_5-10_1_1_6-4_1:1758	197	296	9	54
334	Image5D_bf3419_SPOT7.tif:6-8_3_54_5-7_1_1_6-7_1:1758	147	395	9	54
335	Image5D_bf3419_SPOT7.tif:7-6_3_54_6-11_1_1_7-5_1_0:1758	154	428	9	54
336	Image5D_bf3419_SPOT7.tif:4-5_3_55_3-1_1_0-5_4-6_0-5:1793	191	379	11	55
337	Image5D_bf3419_SPOT7.tif:6-3_3_55_5-10_1_1_6-4_1_0:1793	213	308	11	55
338	Image5D_bf3419_SPOT7.tif:6-8_3_55_5-7_1_1_6-7_1:1793	157	402	11	55
339	Image5D_bf3419_SPOT7.tif:4-5_3_56_3-1_1_0-5_4-6_0-5:1826	179	378	11	56
340	Image5D_bf3419_SPOT7.tif:6-8_3_56_5-7_1_1_6-7_1:1826	154	402	11	56
341	Image5D_bf3419_SPOT7.tif:4-5_3_57_3-1_1_0-5_4-6_0-5:1859	190	380	11	57
342	Image5D_bf3419_SPOT7.tif:6-8_3_57_5-7_1_1_6-7_1:1859	155	407	11	57
343	Image5D_bf3419_SPOT7.tif:4-5_3_58_3-1_1_0-5_4-6_0-5:1892	176	376	11	58
344	Image5D_bf3419_SPOT7.tif:6-8_3_58_5-7_1_1_6-7_1:1892	147	401	11	58
345	Image5D_bf3419_SPOT7.tif:4-5_3_59_3-1_1_0-5_4-6_0-5:1925	190	375	11	59
346	Image5D_bf3419_SPOT7.tif:6-8_3_59_5-7_1_1_6-7_1:1925	159	398	11	59
347	Image5D_bf3419_SPOT7.tif:4-5_3_60_3-1_1_0-5_4-6_0-5:1959	182	370	12	60
348	Image5D_bf3419_SPOT7.tif:6-8_3_60_5-7_1_1_6-7_1:1959	150	396	12	60
349	Image5D_bf3419_SPOT7.tif:4-5_3_61_3-1_1_0-5_4-6_0-5:1992	191	369	12	61
350	Image5D_bf3419_SPOT7.tif:6-8_3_61_5-7_1_1_6-7_1:1992	162	394	12	61
351	Image5D_bf3419_SPOT7.tif:4-5_3_62_3-1_1_0-5_4-6_0-5:2025	194	359	12	62
352	Image5D_bf3419_SPOT7.tif:6-8_3_62_5-7_1_1_6-7_1:2025	162	384	12	62
353	Image5D_bf3419_SPOT7.tif:4-5_3_63_3-1_1_0-5_4-6_0-5:2058	179	392	12	63
354	Image5D_bf3419_SPOT7.tif:6-8_3_63_5-7_1_1_6-7_1:2058	148	414	12	63
355	Image5D_bf3419_SPOT7.tif:4-5_3_64_3-1_1_0-5_4-6_0-5:2091	175	383	12	64
356	Image5D_bf3419_SPOT7.tif:6-8_3_64_5-7_1_1_6-7_1:2091	144	402	12	64
357	Image5D_bf3419_SPOT7.tif:4-5_3_65_3-1_1_0-5_4-6_0-5:2124	181	385	12	65
358	Image5D_bf3419_SPOT7.tif:6-8_3_65_5-7_1_1_6-7_1:2124	149	410	12	65
359	Image5D_bf3419_SPOT7.tif:4-5_3_66_3-1_1_0-5_4-6_0-5:2157	185	376	12	66
360	Image5D_bf3419_SPOT7.tif:6-8_3_66_5-7_1_1_6-7_1:2157	153	399	12	66
361	Image5D_bf3419_SPOT7.tif:4-5_3_67_3-1_1_0-5_4-6_0-5:2190	205	380	12	67
362	Image5D_bf3419_SPOT7.tif:6-8_3_67_5-7_1_1_6-7_1:2190	172	402	12	67
363	Image5D_bf3419_SPOT7.tif:4-5_3_68_3-1_1_0-5_4-6_0-5:2223	180	400	12	68
364	Image5D_bf3419_SPOT7.tif:6-8_3_68_5-7_1_1_6-7_1:2223	148	423	12	68
365	Image5D_bf3419_SPOT7.tif:4-5_3_69_3-1_1_0-5_4-6_0-5:2256	190	393	12	69
366	Image5D_bf3419_SPOT7.tif:6-8_3_69_5-7_1_1_6-7_1:2256	156	411	12	69
367	Image5D_bf3419_SPOT7.tif:4-5_3_70_3-1_1_0-5_4-6_0-5:2288	184	394	11	70
368	Image5D_bf3419_SPOT7.tif:6-8_3_70_5-7_1_1_6-7_1:2288	148	413	11	70
369	Image5D_bf3419_SPOT7.tif:4-5_3_71_3-1_1_0-5_4-6_0-5:2321	195	391	11	71
370	Image5D_bf3419_SPOT7.tif:6-8_3_71_5-7_1_1_6-7_1:2321	161	403	11	71
371	Image5D_bf3419_SPOT7.tif:4-5_3_72_3-1_1_0-5_4-6_0-5:2354	190	367	11	72
372	Image5D_bf3419_SPOT7.tif:6-8_3_72_5-7_1_1_6-7_1:2354	163	385	11	72
373	Image5D_bf3419_SPOT7.tif:4-5_3_73_3-1_1_0-5_4-6_0-5:2387	200	372	11	73
374	Image5D_bf3419_SPOT7.tif:6-8_3_73_5-7_1_1_6-7_1:2387	170	393	11	73
375	Image5D_bf3419_SPOT7.tif:4-5_3_74_3-1_1_0-5_4-6_0-5:2420	220	381	11	74
376	Image5D_bf3419_SPOT7.tif:6-8_3_74_5-7_1_1_6-7_1:2420	189	398	11	74
377	Image5D_bf3419_SPOT7.tif:4-5_3_75_3-1_1_0-5_4-6_0-5:2453	198	368	11	75
378	Image5D_bf3419_SPOT7.tif:6-8_3_75_5-7_1_1_6-7_1:2453	165	394	11	75
379	Image5D_bf3419_SPOT7.tif:4-5_3_76_3-1_1_0-5_4-6_0-5:2486	178	399	11	76
380	Image5D_bf3419_SPOT7.tif:6-8_3_76_5-7_1_1_6-7_1:2486	148	417	11	76
381	Image5D_bf3419_SPOT7.tif:4-5_3_77_3-1_1_0-5_4-6_0-5:2519	199	385	11	77
382	Image5D_bf3419_SPOT7.tif:6-8_3_77_5-7_1_1_6-7_1:2519	165	407	11	77
383	Image5D_bf3419_SPOT7.tif:4-5_3_78_3-1_1_0-5_4-6_0-5:2552	188	402	11	78
384	Image5D_bf3419_SPOT7.tif:6-8_3_78_5-7_1_1_6-7_1:2552	151	422	11	78
385	Image5D_bf3419_SPOT7.tif:4-5_3_79_3-1_1_0-5_4-6_0-5:2584	187	402	10	79
386	Image5D_bf3419_SPOT7.tif:6-8_3_79_5-7_1_1_6-7_1:2584	150	425	10	79
387	Image5D_bf3419_SPOT7.tif:4-5_3_80_3-1_1_0-5_4-6_0-5:2617	185	405	10	80
388	Image5D_bf3419_SPOT7.tif:6-8_3_80_5-7_1_1_6-7_1:2617	150	424	10	80
389	Image5D_bf3419_SPOT7.tif:4-5_3_81_3-1_1_0-5_4-6_0-5:2650	191	403	10	81
390	Image5D_bf3419_SPOT7.tif:6-8_3_81_5-7_1_1_6-7_1:2650	159	423	10	81
391	Image5D_bf3419_SPOT7.tif:4-5_3_82_3-1_1_0-5_4-6_0-5:2683	213	389	10	82
392	Image5D_bf3419_SPOT7.tif:6-8_3_82_5-7_1_1_6-7_1:2683	183	408	10	82
393	Image5D_bf3419_SPOT7.tif:4-5_3_83_3-1_1_0-5_4-6_0-5:2718	215	383	12	83
394	Image5D_bf3419_SPOT7.tif:6-8_3_83_5-7_1_1_6-7_1:2718	179	404	12	83
395	Image5D_bf3419_SPOT7.tif:4-5_3_84_3-1_1_0-5_4-6_0-5:2750	192	382	11	84
396	Image5D_bf3419_SPOT7.tif:6-8_3_84_5-7_1_1_6-7_1:2750	160	403	11	84
397	Image5D_bf3419_SPOT7.tif:4-5_3_85_3-1_1_0-5_4-6_0-5:2787	177	383	15	85
398	Image5D_bf3419_SPOT7.tif:6-8_3_85_5-7_1_1_6-7_1:2787	144	403	15	85
399	Image5D_bf3419_SPOT7.tif:4-5_3_86_3-1_1_0-5_4-6_0-5:2816	229	382	11	86
400	Image5D_bf3419_SPOT7.tif:6-8_3_86_5-7_1_1_6-7_1:2816	196	408	11	86
401	Image5D_bf3419_SPOT7.tif:4-5_3_87_3-1_1_0-5_4-6_0-5:2849	196	393	11	87
402	Image5D_bf3419_SPOT7.tif:6-8_3_87_5-7_1_1_6-7_1:2849	162	415	11	87
403	Image5D_bf3419_SPOT7.tif:4-5_3_88_3-1_1_0-5_4-6_0-5:2882	203	403	11	88
404	Image5D_bf3419_SPOT7.tif:6-8_3_88_5-7_1_1_6-7_1:2882	171	422	11	88
405	Image5D_bf3419_SPOT7.tif:4-5_3_89_3-1_1_0-5_4-6_0-5:2917	191	405	13	89
406	Image5D_bf3419_SPOT7.tif:6-8_3_89_5-7_1_1_6-7_1:2917	162	427	13	89
407	Image5D_bf3419_SPOT7.tif:4-5_3_90_3-1_1_0-5_4-6_0-5:2948	198	402	11	90
408	Image5D_bf3419_SPOT7.tif:6-8_3_90_5-7_1_1_6-7_1:2948	164	423	11	90
409	Image5D_bf3419_SPOT7.tif:4-5_3_91_3-1_1_0-5_4-6_0-5:2980	216	414	10	91
410	Image5D_bf3419_SPOT7.tif:6-8_3_91_5-7_1_1_6-7_1:2980	186	434	10	91
411	Image5D_bf3419_SPOT7.tif:4-5_3_92_3-1_1_0-5_4-6_0-5:3011	190	418	8	92
412	Image5D_bf3419_SPOT7.tif:6-8_3_92_5-7_1_1_6-7_1:3011	154	432	8	92
413	Image5D_bf3419_SPOT7.tif:4-5_3_93_3-1_1_0-5_4-6_0-5:3045	199	420	9	93
414	Image5D_bf3419_SPOT7.tif:6-8_3_93_5-7_1_1_6-7_1:3045	165	439	9	93
415	Image5D_bf3419_SPOT7.tif:4-5_3_94_3-1_1_0-5_4-6_0-5:3078	197	415	9	94
416	Image5D_bf3419_SPOT7.tif:6-8_3_94_5-7_1_1_6-7_1:3078	165	439	9	94
417	Image5D_bf3419_SPOT7.tif:4-5_3_95_3-1_1_0-5_4-6_0-5:3111	199	405	9	95
418	Image5D_bf3419_SPOT7.tif:6-8_3_95_5-7_1_1_6-7_1:3111	168	426	9	95
419	Image5D_bf3419_SPOT7.tif:4-5_3_96_3-1_1_0-5_4-6_0-5:3144	204	413	9	96
420	Image5D_bf3419_SPOT7.tif:6-8_3_96_5-7_1_1_6-7_1:3144	172	436	9	96
421	Image5D_bf3419_SPOT7.tif:6-9_3_39_5-11_1_1_6-10_1_0:1267	230	337	13	39
