 	Label	X	Y	Slice	Frame
1	Image5D_bf3419_SPOT14.tif:1-1_1_1_NA_NA_1_1_NA_1:11	404	37	11	1
2	Image5D_bf3419_SPOT14.tif:1-1_1_2_NA_NA_1_1_NA_1:31	394	42	11	2
3	Image5D_bf3419_SPOT14.tif:1-1_1_3_NA_NA_1_1_NA_1:51	373	34	11	3
4	Image5D_bf3419_SPOT14.tif:1-1_1_4_NA_NA_1_1_NA_1:72	396	36	12	4
5	Image5D_bf3419_SPOT14.tif:1-1_1_5_NA_NA_1_1_NA_1:92	421	53	12	5
6	Image5D_bf3419_SPOT14.tif:1-1_1_6_NA_NA_1_1_NA_1:112	442	40	12	6
7	Image5D_bf3419_SPOT14.tif:1-1_1_7_NA_NA_1_1_NA_1:132	427	39	12	7
8	Image5D_bf3419_SPOT14.tif:1-1_1_8_NA_NA_1_1_NA_1:151	425	35	11	8
9	Image5D_bf3419_SPOT14.tif:1-1_1_9_NA_NA_1_1_NA_1:172	448	56	12	9
10	Image5D_bf3419_SPOT14.tif:1-1_1_10_NA_NA_1_1_NA_1:192	435	36	12	10
11	Image5D_bf3419_SPOT14.tif:1-1_1_11_NA_NA_1_1_NA_1:213	417	40	13	11
12	Image5D_bf3419_SPOT14.tif:1-1_1_12_NA_NA_1_1_NA_1:232	389	44	12	12
13	Image5D_bf3419_SPOT14.tif:1-1_1_13_NA_NA_1_1_NA_1:251	427	46	11	13
14	Image5D_bf3419_SPOT14.tif:2-1_1_14_1-1_1_1_2-2_1:272	399	37	12	14
15	Image5D_bf3419_SPOT14.tif:2-2_2_14_1-1_1_1_2-1_1:272	403	50	12	14
16	Image5D_bf3419_SPOT14.tif:2-1_1_15_1-1_1_1_2-2_1:294	428	35	14	15
17	Image5D_bf3419_SPOT14.tif:2-1_1_15_1-1_1_1_2-2_1:294	430	49	14	15
18	Image5D_bf3419_SPOT14.tif:2-1_1_16_1-1_1_1_2-2_1:313	447	30	13	16
19	Image5D_bf3419_SPOT14.tif:3-1_2_16_2-2_1_0-5_3-2_1:313	452	41	13	16
20	Image5D_bf3419_SPOT14.tif:3-2_2_16_2-2_1_0-5_3-1_1:313	445	66	13	16
21	Image5D_bf3419_SPOT14.tif:2-1_1_17_1-1_1_1_2-2_1:333	425	42	13	17
22	Image5D_bf3419_SPOT14.tif:3-1_2_17_2-2_1_0-5_3-2_1:333	433	57	13	17
23	Image5D_bf3419_SPOT14.tif:4-1_2_17_3-2_1_0-5_4-2_1:333	402	85	13	17
24	Image5D_bf3419_SPOT14.tif:4-2_2_17_3-2_1_1_4-1_1:333	427	78	13	17
25	Image5D_bf3419_SPOT14.tif:2-1_1_18_1-1_1_1_2-2_1:352	424	32	12	18
26	Image5D_bf3419_SPOT14.tif:3-1_2_18_2-2_1_0-5_3-2_1:352	432	47	12	18
27	Image5D_bf3419_SPOT14.tif:4-1_2_18_3-2_1_0-5_4-2_1:352	408	71	12	18
28	Image5D_bf3419_SPOT14.tif:5-1_3_18_4-2_1_1_5-2_1:352	460	120	12	18
29	Image5D_bf3419_SPOT14.tif:5-2_3_18_4-2_1_1_5-1_1:352	463	91	12	18
30	Image5D_bf3419_SPOT14.tif:2-1_1_19_1-1_1_1_2-2_1:372	409	43	12	19
31	Image5D_bf3419_SPOT14.tif:3-1_2_19_2-2_1_0-5_3-2_1_0:372	420	53	12	19
32	Image5D_bf3419_SPOT14.tif:4-1_2_19_3-2_0-5_1_4-2_1:372	394	82	12	19
33	Image5D_bf3419_SPOT14.tif:5-1_3_19_4-2_1_1_5-2_1:372	417	172	12	19
34	Image5D_bf3419_SPOT14.tif:5-2_3_19_4-2_1_1_5-1_1:372	457	127	12	19
35	Image5D_bf3419_SPOT14.tif:2-1_1_20_1-1_1_1_2-2_1:394	390	38	14	20
36	Image5D_bf3419_SPOT14.tif:4-1_2_20_3-2_0-5_1_4-2_1:394	377	70	14	20
37	Image5D_bf3419_SPOT14.tif:5-1_3_20_4-2_1_1_5-2_1_0:394	416	133	14	20
38	Image5D_bf3419_SPOT14.tif:5-2_3_20_4-2_1_1_5-1_1:394	481	97	14	20
39	Image5D_bf3419_SPOT14.tif:2-1_1_21_1-1_1_1_2-2_1:414	437	38	14	21
40	Image5D_bf3419_SPOT14.tif:4-1_3_21_3-2_1_1_4-2_1:414	416	76	14	21
41	Image5D_bf3419_SPOT14.tif:5-2_3_21_4-2_1_1_5-1_1:414	496	88	14	21
42	Image5D_bf3419_SPOT14.tif:2-1_1_22_1-1_1_1_2-2_1:433	425	54	13	22
43	Image5D_bf3419_SPOT14.tif:4-1_3_22_3-2_1_1_4-2_1:433	327	120	13	22
44	Image5D_bf3419_SPOT14.tif:5-2_3_22_4-2_1_1_5-1_1:433	499	95	13	22
45	Image5D_bf3419_SPOT14.tif:2-1_1_23_1-1_1_1_2-2_1:453	414	50	13	23
46	Image5D_bf3419_SPOT14.tif:4-1_3_23_3-2_1_1_4-2_1:453	310	123	13	23
47	Image5D_bf3419_SPOT14.tif:5-2_3_23_4-2_1_1_5-1_1:453	497	104	13	23
48	Image5D_bf3419_SPOT14.tif:2-1_1_24_1-1_1_1_2-2_1:473	423	39	13	24
49	Image5D_bf3419_SPOT14.tif:4-1_3_24_3-2_1_1_4-2_1:473	325	109	13	24
50	Image5D_bf3419_SPOT14.tif:5-2_3_24_4-2_1_1_5-1_1:473	493	84	13	24
51	Image5D_bf3419_SPOT14.tif:2-1_1_25_1-1_1_1_2-2_1:493	436	52	13	25
52	Image5D_bf3419_SPOT14.tif:4-1_3_25_3-2_1_1_4-2_1:493	338	120	13	25
53	Image5D_bf3419_SPOT14.tif:5-2_3_25_4-2_1_1_5-1_1:493	488	77	13	25
54	Image5D_bf3419_SPOT14.tif:2-1_1_26_1-1_1_1_2-2_1:513	443	45	13	26
55	Image5D_bf3419_SPOT14.tif:4-1_3_26_3-2_1_1_4-2_1:512	348	114	12	26
56	Image5D_bf3419_SPOT14.tif:5-2_3_26_4-2_1_1_5-1_1:512	494	85	12	26
57	Image5D_bf3419_SPOT14.tif:2-1_1_27_1-1_1_1_2-2_1:533	435	45	13	27
58	Image5D_bf3419_SPOT14.tif:4-1_3_27_3-2_1_1_4-2_1:533	334	116	13	27
59	Image5D_bf3419_SPOT14.tif:5-2_3_27_4-2_1_1_5-1_1:533	495	70	13	27
60	Image5D_bf3419_SPOT14.tif:2-1_1_28_1-1_1_1_2-2_1:553	441	47	13	28
61	Image5D_bf3419_SPOT14.tif:4-1_3_28_3-2_1_1_4-2_1:551	344	111	11	28
62	Image5D_bf3419_SPOT14.tif:5-2_3_28_4-2_1_1_5-1_1:551	493	78	11	28
63	Image5D_bf3419_SPOT14.tif:2-1_1_29_1-1_1_1_2-2_1:572	428	53	12	29
64	Image5D_bf3419_SPOT14.tif:4-1_3_29_3-2_1_1_4-2_1:572	330	125	12	29
65	Image5D_bf3419_SPOT14.tif:5-2_3_29_4-2_1_1_5-1_1:572	481	86	12	29
66	Image5D_bf3419_SPOT14.tif:2-1_1_30_1-1_1_1_2-2_1:593	430	51	13	30
67	Image5D_bf3419_SPOT14.tif:4-1_3_30_3-2_1_1_4-2_1_0:593	337	119	13	30
68	Image5D_bf3419_SPOT14.tif:5-2_3_30_4-2_1_1_5-1_1:593	494	93	13	30
69	Image5D_bf3419_SPOT14.tif:2-1_1_31_1-1_1_1_2-2_1:613	428	50	13	31
70	Image5D_bf3419_SPOT14.tif:5-2_3_31_4-2_1_1_5-1_1:613	496	88	13	31
71	Image5D_bf3419_SPOT14.tif:2-1_1_32_1-1_1_1_2-2_1:633	439	55	13	32
72	Image5D_bf3419_SPOT14.tif:5-2_3_32_4-2_1_1_5-1_1:633	502	83	13	32
73	Image5D_bf3419_SPOT14.tif:2-1_1_33_1-1_1_1_2-2_1:653	443	59	13	33
74	Image5D_bf3419_SPOT14.tif:5-2_3_33_4-2_1_1_5-1_1:653	497	96	13	33
75	Image5D_bf3419_SPOT14.tif:2-1_1_34_1-1_1_1_2-2_1:672	369	60	12	34
76	Image5D_bf3419_SPOT14.tif:5-2_3_34_4-2_1_1_5-1_1:670	459	133	10	34
77	Image5D_bf3419_SPOT14.tif:2-1_1_35_1-1_1_1_2-2_1:691	453	81	11	35
78	Image5D_bf3419_SPOT14.tif:5-2_3_35_4-2_1_1_5-1_1:691	503	105	11	35
79	Image5D_bf3419_SPOT14.tif:3-3_1_36_2-1_1_1_3-4_1:713	437	95	13	36
80	Image5D_bf3419_SPOT14.tif:3-4_2_36_2-1_1_1_3-4_1:713	431	81	13	36
81	Image5D_bf3419_SPOT14.tif:5-2_3_36_4-2_1_1_5-1_1:713	500	132	13	36
82	Image5D_bf3419_SPOT14.tif:3-4_2_37_2-1_1_1_3-4_1:732	438	94	12	37
83	Image5D_bf3419_SPOT14.tif:4-3_2_37_3-3_1_1_4-4_1:732	440	108	12	37
84	Image5D_bf3419_SPOT14.tif:4-4_2_37_3-3_1_1_4-3_1:732	460	111	12	37
85	Image5D_bf3419_SPOT14.tif:5-2_3_37_4-2_1_1_5-1_1:732	499	108	12	37
86	Image5D_bf3419_SPOT14.tif:3-4_2_38_2-1_1_1_3-4_1:753	457.333	116.667	13	38
87	Image5D_bf3419_SPOT14.tif:4-3_2_38_3-3_1_1_4-4_1:753	436.667	126.667	13	38
88	Image5D_bf3419_SPOT14.tif:4-4_2_38_3-3_1_1_4-3_1:753	433.333	108	13	38
89	Image5D_bf3419_SPOT14.tif:5-2_3_38_4-2_1_1_5-1_1:753	501.333	91.333	13	38
90	Image5D_bf3419_SPOT14.tif:4-3_2_39_3-3_1_1_4-4_1:772	377.333	158.667	12	39
91	Image5D_bf3419_SPOT14.tif:4-4_2_39_3-3_1_1_4-3_1:772	388	138	12	39
92	Image5D_bf3419_SPOT14.tif:4-5_2_39_3-4_1_1_4-6_1:772	405.333	154.667	12	39
93	Image5D_bf3419_SPOT14.tif:4-6_3_39_3-4_1_1_4-5_1:772	400.667	162	12	39
94	Image5D_bf3419_SPOT14.tif:5-2_3_39_4-2_1_1_5-1_1:772	505.333	125.333	12	39
95	Image5D_bf3419_SPOT14.tif:4-3_2_40_3-3_1_1_4-4_1:793	396	113.333	13	40
96	Image5D_bf3419_SPOT14.tif:4-4_2_40_3-3_1_1_4-3_1:793	399.333	92.667	13	40
97	Image5D_bf3419_SPOT14.tif:4-5_2_40_3-4_1_1_4-6_1:793	418	102.667	13	40
98	Image5D_bf3419_SPOT14.tif:4-6_3_40_3-4_1_1_4-5_1:793	440	114	13	40
99	Image5D_bf3419_SPOT14.tif:5-2_3_40_4-2_1_1_5-1_1:793	504.667	78	13	40
100	Image5D_bf3419_SPOT14.tif:4-3_2_41_3-3_1_1_4-4_1:813	384	124.667	13	41
101	Image5D_bf3419_SPOT14.tif:4-6_3_41_3-4_1_1_4-5_1:813	467.333	94	13	41
102	Image5D_bf3419_SPOT14.tif:5-2_3_41_4-2_1_1_5-1_1:813	508	38.667	13	41
103	Image5D_bf3419_SPOT14.tif:5-3_2_41_4-4_1_1_5-4_1:813	386	106.667	13	41
104	Image5D_bf3419_SPOT14.tif:5-4_3_41_4-4_1_1_5-3_1:813	435.333	58.667	13	41
105	Image5D_bf3419_SPOT14.tif:5-5_3_41_4-5_1_1_5-6_1:813	380	155.333	13	41
106	Image5D_bf3419_SPOT14.tif:5-6_3_41_4-5_1_1_5-5_1:813	401.333	187.333	13	41
107	Image5D_bf3419_SPOT14.tif:4-3_2_42_3-3_1_1_4-4_1:835	386.667	182.667	15	42
108	Image5D_bf3419_SPOT14.tif:4-6_3_42_3-4_1_1_4-5_1:835	499.333	135.333	15	42
109	Image5D_bf3419_SPOT14.tif:5-2_3_42_4-2_1_1_5-1_1:835	506.667	75.333	15	42
110	Image5D_bf3419_SPOT14.tif:5-3_2_42_4-4_1_1_5-4_1:835	386	158	15	42
111	Image5D_bf3419_SPOT14.tif:5-4_3_42_4-4_1_1_5-3_1:835	450	102	15	42
112	Image5D_bf3419_SPOT14.tif:5-5_3_42_4-5_1_1_5-6_1:835	380.667	212	15	42
113	Image5D_bf3419_SPOT14.tif:5-6_3_42_4-5_1_1_5-5_1:835	421.333	283.333	15	42
114	Image5D_bf3419_SPOT14.tif:4-3_3_43_3-3_1_1_4-4_1:852	379.333	160	12	43
115	Image5D_bf3419_SPOT14.tif:4-6_3_43_3-4_1_1_4-5_1:852	494	101.333	12	43
116	Image5D_bf3419_SPOT14.tif:5-2_3_43_4-2_1_1_5-1_1:852	502.667	63.333	12	43
117	Image5D_bf3419_SPOT14.tif:5-3_2_43_4-4_1_1_5-4_1:852	380	142	12	43
118	Image5D_bf3419_SPOT14.tif:5-4_3_43_4-4_1_1_5-3_1:852	438	87.333	12	43
119	Image5D_bf3419_SPOT14.tif:5-5_3_43_4-5_1_1_5-6_1:852	352.667	202.667	12	43
120	Image5D_bf3419_SPOT14.tif:5-6_3_43_4-5_1_1_5-5_1:852	414	265.333	12	43
121	Image5D_bf3419_SPOT14.tif:4-3_3_44_3-3_1_1_4-4_1:873	375.333	150	13	44
122	Image5D_bf3419_SPOT14.tif:4-6_3_44_3-4_1_1_4-5_1:873	488	94	13	44
123	Image5D_bf3419_SPOT14.tif:5-2_3_44_4-2_1_1_5-1_1:873	500.667	43.333	13	44
124	Image5D_bf3419_SPOT14.tif:5-3_2_44_4-4_1_1_5-4_1:873	370.667	132.667	13	44
125	Image5D_bf3419_SPOT14.tif:5-4_3_44_4-4_1_1_5-3_1:873	431.333	82.667	13	44
126	Image5D_bf3419_SPOT14.tif:5-5_3_44_4-5_1_1_5-6_1:873	279.333	218.667	13	44
127	Image5D_bf3419_SPOT14.tif:5-6_3_44_4-5_1_1_5-5_1:873	410	260	13	44
128	Image5D_bf3419_SPOT14.tif:4-6_3_45_3-4_1_1_4-5_1:892	488	98	12	45
129	Image5D_bf3419_SPOT14.tif:5-2_3_45_4-2_1_1_5-1_1:892	496.667	47.333	12	45
130	Image5D_bf3419_SPOT14.tif:5-3_2_45_4-4_1_1_5-4_1:892	374	136.667	12	45
131	Image5D_bf3419_SPOT14.tif:5-4_3_45_4-4_1_1_5-3_1:892	440	83.333	12	45
132	Image5D_bf3419_SPOT14.tif:5-5_3_45_4-5_1_1_5-6_1:892	287.333	218.667	12	45
133	Image5D_bf3419_SPOT14.tif:5-6_3_45_4-5_1_1_5-5_1:892	407.333	259.333	12	45
134	Image5D_bf3419_SPOT14.tif:5-7_2_45_4-3_1_1_5-8_1:892	369.333	156.667	12	45
135	Image5D_bf3419_SPOT14.tif:5-8_2_45_4-3_1_1_5-7_1:892	391.333	147.333	12	45
136	Image5D_bf3419_SPOT14.tif:4-6_3_46_3-4_1_1_4-5_1:912	485.333	102	12	46
137	Image5D_bf3419_SPOT14.tif:5-2_3_46_4-2_1_1_5-1_1:912	496.667	54	12	46
138	Image5D_bf3419_SPOT14.tif:5-3_2_46_4-4_1_1_5-4_1:912	383.333	128.667	12	46
139	Image5D_bf3419_SPOT14.tif:5-4_3_46_4-4_1_1_5-3_1:912	436.667	89.333	12	46
140	Image5D_bf3419_SPOT14.tif:5-5_3_46_4-5_1_1_5-6_1:912	282	218.667	12	46
141	Image5D_bf3419_SPOT14.tif:5-6_3_46_4-5_1_1_5-5_1:912	415.333	262	12	46
142	Image5D_bf3419_SPOT14.tif:6-1_3_46_5-7_1_1_6-2_1:912	361.333	152.667	12	46
143	Image5D_bf3419_SPOT14.tif:6-2_2_46_5-7_1_1_6-1_1:912	334.667	162	12	46
144	Image5D_bf3419_SPOT14.tif:6-3_3_46_5-8_1_1_6-4_1:912	396	141.333	12	46
145	Image5D_bf3419_SPOT14.tif:6-4_2_46_5-8_1_1_6-3_1:912	393.333	157.333	12	46
146	Image5D_bf3419_SPOT14.tif:4-6_3_47_3-4_1_1_4-5_1:932	485.333	112	12	47
147	Image5D_bf3419_SPOT14.tif:5-2_3_47_4-2_1_1_5-1_1:932	504	74.667	12	47
148	Image5D_bf3419_SPOT14.tif:5-3_2_47_4-4_1_1_5-4_1:932	382.667	146	12	47
149	Image5D_bf3419_SPOT14.tif:5-4_3_47_4-4_1_1_5-3_1:932	435.333	100	12	47
150	Image5D_bf3419_SPOT14.tif:5-5_3_47_4-5_1_1_5-6_1:932	282	230	12	47
151	Image5D_bf3419_SPOT14.tif:5-6_3_47_4-5_1_1_5-5_1:932	414	269.333	12	47
152	Image5D_bf3419_SPOT14.tif:6-1_3_47_5-7_1_1_6-2_1:932	370	165.333	12	47
153	Image5D_bf3419_SPOT14.tif:6-2_2_47_5-7_1_1_6-1_1:932	339.333	169.333	12	47
154	Image5D_bf3419_SPOT14.tif:6-3_3_47_5-8_1_1_6-4_1:932	402.667	152	12	47
155	Image5D_bf3419_SPOT14.tif:6-4_2_47_5-8_1_1_6-3_1:932	389.333	166	12	47
156	Image5D_bf3419_SPOT14.tif:4-6_3_48_3-4_1_1_4-5_1:953	496	105.333	13	48
157	Image5D_bf3419_SPOT14.tif:5-2_3_48_4-2_1_1_5-1_1:953	495.333	59.333	13	48
158	Image5D_bf3419_SPOT14.tif:5-3_2_48_4-4_1_1_5-4_1:953	386.667	136	13	48
159	Image5D_bf3419_SPOT14.tif:5-4_3_48_4-4_1_1_5-3_1:953	446	94	13	48
160	Image5D_bf3419_SPOT14.tif:5-5_3_48_4-5_1_1_5-6_1:953	292	224	13	48
161	Image5D_bf3419_SPOT14.tif:5-6_3_48_4-5_1_1_5-5_1:953	419.333	264	13	48
162	Image5D_bf3419_SPOT14.tif:6-1_3_48_5-7_1_1_6-2_1:953	377.333	190.667	13	48
163	Image5D_bf3419_SPOT14.tif:6-2_2_48_5-7_1_1_6-1_1:953	346	161.333	13	48
164	Image5D_bf3419_SPOT14.tif:6-3_3_48_5-8_1_1_6-4_1:953	404.667	144.667	13	48
165	Image5D_bf3419_SPOT14.tif:6-4_2_48_5-8_1_1_6-3_1:953	412	166	13	48
166	Image5D_bf3419_SPOT14.tif:4-6_3_49_3-4_1_1_4-5_1:973	490.667	102.667	13	49
167	Image5D_bf3419_SPOT14.tif:5-2_3_49_4-2_1_1_5-1_1:973	494	61.333	13	49
168	Image5D_bf3419_SPOT14.tif:5-4_3_49_4-4_1_1_5-3_1:973	436.667	100.667	13	49
169	Image5D_bf3419_SPOT14.tif:5-5_3_49_4-5_1_1_5-6_1:973	279.333	227.333	13	49
170	Image5D_bf3419_SPOT14.tif:5-6_3_49_4-5_1_1_5-5_1:973	412.667	274	13	49
171	Image5D_bf3419_SPOT14.tif:6-1_3_49_5-7_1_1_6-2_1:973	342.667	202.667	13	49
172	Image5D_bf3419_SPOT14.tif:6-2_2_49_5-7_1_1_6-1_1:973	338	169.333	13	49
173	Image5D_bf3419_SPOT14.tif:6-3_3_49_5-8_1_1_6-4_1:973	395.333	152.667	13	49
174	Image5D_bf3419_SPOT14.tif:6-4_2_49_5-8_1_1_6-3_1:973	408	168	13	49
175	Image5D_bf3419_SPOT14.tif:6-5_3_49_5-3_1_1_6-6_1:973	383.333	134	13	49
176	Image5D_bf3419_SPOT14.tif:6-6_3_49_5-3_1_1_6-5_1:973	438	75.333	13	49
177	Image5D_bf3419_SPOT14.tif:4-6_3_50_3-4_1_1_4-5_1:993	497.333	99.333	13	50
178	Image5D_bf3419_SPOT14.tif:5-2_3_50_4-2_1_1_5-1_1:993	478	236.667	13	50
179	Image5D_bf3419_SPOT14.tif:5-4_3_50_4-4_1_1_5-3_1:993	442	96.667	13	50
180	Image5D_bf3419_SPOT14.tif:5-5_3_50_4-5_1_1_5-6_1:993	290	224.667	13	50
181	Image5D_bf3419_SPOT14.tif:5-6_3_50_4-5_1_1_5-5_1:993	420	276.667	13	50
182	Image5D_bf3419_SPOT14.tif:6-1_3_50_5-7_1_1_6-2_1:993	424	238.667	13	50
183	Image5D_bf3419_SPOT14.tif:6-3_3_50_5-8_1_1_6-4_1:993	386	188	13	50
184	Image5D_bf3419_SPOT14.tif:6-4_2_50_5-8_1_1_6-3_1:993	386.667	202	13	50
185	Image5D_bf3419_SPOT14.tif:6-5_3_50_5-3_1_1_6-6_1_0:993	382	167.333	13	50
186	Image5D_bf3419_SPOT14.tif:6-6_3_50_5-3_1_1_6-5_1:993	444.667	73.333	13	50
187	Image5D_bf3419_SPOT14.tif:7-1_3_50_6-2_1_1_7-2_1:993	325.333	173.333	13	50
188	Image5D_bf3419_SPOT14.tif:7-2_3_50_6-2_1_1_7-1_1:993	349.333	161.333	13	50
189	Image5D_bf3419_SPOT14.tif:4-6_3_51_3-4_1_1_4-5_1:1012	500.667	98.667	12	51
190	Image5D_bf3419_SPOT14.tif:5-2_3_51_4-2_1_1_5-1_1:1012	474	231.333	12	51
191	Image5D_bf3419_SPOT14.tif:5-4_3_51_4-4_1_1_5-3_1:1012	444	89.333	12	51
192	Image5D_bf3419_SPOT14.tif:5-5_3_51_4-5_1_1_5-6_1:1012	293.333	226.667	12	51
193	Image5D_bf3419_SPOT14.tif:5-6_3_51_4-5_1_1_5-5_1:1012	416	262.667	12	51
194	Image5D_bf3419_SPOT14.tif:6-1_3_51_5-7_1_1_6-2_1:1012	428.667	242.667	12	51
195	Image5D_bf3419_SPOT14.tif:6-3_3_51_5-8_1_1_6-4_1:1012	361.333	185.333	12	51
196	Image5D_bf3419_SPOT14.tif:6-6_3_51_5-3_1_1_6-5_1:1012	477.333	31.333	12	51
197	Image5D_bf3419_SPOT14.tif:7-1_3_51_6-2_1_1_7-2_1:1012	316	166.667	12	51
198	Image5D_bf3419_SPOT14.tif:7-2_3_51_6-2_1_1_7-1_1:1012	385.333	136.667	12	51
199	Image5D_bf3419_SPOT14.tif:7-3_3_51_6-4_1_1_7-4_1:1012	332	210.667	12	51
200	Image5D_bf3419_SPOT14.tif:7-4_3_51_6-4_1_1_7-3_1:1012	416	188.667	12	51
201	Image5D_bf3419_SPOT14.tif:4-6_3_52_3-4_1_1_4-5_1:1031	499.333	101.333	11	52
202	Image5D_bf3419_SPOT14.tif:5-2_3_52_4-2_1_1_5-1_1:1031	468	246.667	11	52
203	Image5D_bf3419_SPOT14.tif:5-4_3_52_4-4_1_1_5-3_1:1031	440.667	102	11	52
204	Image5D_bf3419_SPOT14.tif:5-5_3_52_4-5_1_1_5-6_1:1031	286	231.333	11	52
205	Image5D_bf3419_SPOT14.tif:5-6_3_52_4-5_1_1_5-5_1:1031	414.667	267.333	11	52
206	Image5D_bf3419_SPOT14.tif:6-1_3_52_5-7_1_1_6-2_1:1031	423.333	244	11	52
207	Image5D_bf3419_SPOT14.tif:6-3_3_52_5-8_1_1_6-4_1:1031	378.667	189.333	11	52
208	Image5D_bf3419_SPOT14.tif:6-6_3_52_5-3_1_1_6-5_1:1031	474.667	40	11	52
209	Image5D_bf3419_SPOT14.tif:7-1_3_52_6-2_1_1_7-2_1:1031	307.333	177.333	11	52
210	Image5D_bf3419_SPOT14.tif:7-2_3_52_6-2_1_1_7-1_1:1031	386	135.333	11	52
211	Image5D_bf3419_SPOT14.tif:7-3_3_52_6-4_1_1_7-4_1:1031	408.667	198	11	52
212	Image5D_bf3419_SPOT14.tif:7-4_3_52_6-4_1_1_7-3_1:1031	216.667	221.333	11	52
213	Image5D_bf3419_SPOT14.tif:4-6_3_53_3-4_1_1_4-5_1:1052	488	95.333	12	53
214	Image5D_bf3419_SPOT14.tif:5-2_3_53_4-2_1_1_5-1_1:1052	454.667	232	12	53
215	Image5D_bf3419_SPOT14.tif:5-4_3_53_4-4_1_1_5-3_1:1052	426.667	87.333	12	53
216	Image5D_bf3419_SPOT14.tif:5-5_3_53_4-5_1_1_5-6_1:1052	275.333	216.667	12	53
217	Image5D_bf3419_SPOT14.tif:5-6_3_53_4-5_1_1_5-5_1_0:1052	410.667	263.333	12	53
218	Image5D_bf3419_SPOT14.tif:6-1_3_53_5-7_1_1_6-2_1:1052	418	239.333	12	53
219	Image5D_bf3419_SPOT14.tif:6-3_3_53_5-8_1_1_6-4_1:1052	370.667	175.333	12	53
220	Image5D_bf3419_SPOT14.tif:6-6_3_53_5-3_1_1_6-5_1:1052	463.333	29.333	12	53
221	Image5D_bf3419_SPOT14.tif:7-1_3_53_6-2_1_1_7-2_1:1052	304.667	169.333	12	53
222	Image5D_bf3419_SPOT14.tif:7-2_3_53_6-2_1_1_7-1_1:1052	375.333	124.667	12	53
223	Image5D_bf3419_SPOT14.tif:7-3_3_53_6-4_1_1_7-4_1:1052	404	184.667	12	53
224	Image5D_bf3419_SPOT14.tif:7-4_3_53_6-4_1_1_7-3_1:1052	216.667	207.333	12	53
225	Image5D_bf3419_SPOT14.tif:4-6_3_54_3-4_1_1_4-5_1:1073	496.667	83.333	13	54
226	Image5D_bf3419_SPOT14.tif:5-2_3_54_4-2_1_1_5-1_1:1073	462	228	13	54
227	Image5D_bf3419_SPOT14.tif:5-4_3_54_4-4_1_1_5-3_1:1073	438.667	83.333	13	54
228	Image5D_bf3419_SPOT14.tif:5-5_3_54_4-5_1_1_5-6_1:1073	288.667	210.667	13	54
229	Image5D_bf3419_SPOT14.tif:6-1_3_54_5-7_1_1_6-2_1:1073	422	234.667	13	54
230	Image5D_bf3419_SPOT14.tif:6-3_3_54_5-8_1_1_6-4_1:1073	376.667	170	13	54
231	Image5D_bf3419_SPOT14.tif:6-6_3_54_5-3_1_1_6-5_1:1073	470	21.333	13	54
232	Image5D_bf3419_SPOT14.tif:7-1_3_54_6-2_1_1_7-2_1:1073	329.333	162	13	54
233	Image5D_bf3419_SPOT14.tif:7-2_3_54_6-2_1_1_7-1_1:1073	379.333	124	13	54
234	Image5D_bf3419_SPOT14.tif:7-3_3_54_6-4_1_1_7-4_1:1073	408.667	176	13	54
235	Image5D_bf3419_SPOT14.tif:7-4_3_54_6-4_1_1_7-3_1:1073	208.667	208	13	54
236	Image5D_bf3419_SPOT14.tif:4-6_3_55_3-4_1_1_4-5_1:1093	481.333	103.333	13	55
237	Image5D_bf3419_SPOT14.tif:5-2_3_55_4-2_1_1_5-1_1:1093	445.333	244.667	13	55
238	Image5D_bf3419_SPOT14.tif:5-4_3_55_4-4_1_1_5-3_1:1093	418	96	13	55
239	Image5D_bf3419_SPOT14.tif:5-5_3_55_4-5_1_1_5-6_1:1093	266	225.333	13	55
240	Image5D_bf3419_SPOT14.tif:6-1_3_55_5-7_1_1_6-2_1_0:1093	394.667	268.667	13	55
241	Image5D_bf3419_SPOT14.tif:6-3_3_55_5-8_1_1_6-4_1:1093	361.333	186	13	55
242	Image5D_bf3419_SPOT14.tif:6-6_3_55_5-3_1_1_6-5_1:1093	458	30.667	13	55
243	Image5D_bf3419_SPOT14.tif:7-1_3_55_6-2_1_1_7-2_1:1093	306	173.333	13	55
244	Image5D_bf3419_SPOT14.tif:7-2_3_55_6-2_1_1_7-1_1:1093	361.333	145.333	13	55
245	Image5D_bf3419_SPOT14.tif:7-3_3_55_6-4_1_1_7-4_1:1093	389.333	190.667	13	55
246	Image5D_bf3419_SPOT14.tif:7-4_3_55_6-4_1_1_7-3_1:1093	249.333	200	13	55
247	Image5D_bf3419_SPOT14.tif:4-6_3_56_3-4_1_1_4-5_1:1111	488	92.667	11	56
248	Image5D_bf3419_SPOT14.tif:5-2_3_56_4-2_1_1_5-1_1:1111	452.667	229.333	11	56
249	Image5D_bf3419_SPOT14.tif:5-4_3_56_4-4_1_1_5-3_1:1111	424	88.667	11	56
250	Image5D_bf3419_SPOT14.tif:5-5_3_56_4-5_1_1_5-6_1:1111	268.667	218	11	56
251	Image5D_bf3419_SPOT14.tif:6-3_3_56_5-8_1_1_6-4_1:1111	365.333	176.667	11	56
252	Image5D_bf3419_SPOT14.tif:6-6_3_56_5-3_1_1_6-5_1:1111	468	24	11	56
253	Image5D_bf3419_SPOT14.tif:7-1_3_56_6-2_1_1_7-2_1:1111	321.333	165.333	11	56
254	Image5D_bf3419_SPOT14.tif:7-2_3_56_6-2_1_1_7-1_1:1111	366	140.667	11	56
255	Image5D_bf3419_SPOT14.tif:7-3_3_56_6-4_1_1_7-4_1:1111	396	183.333	11	56
256	Image5D_bf3419_SPOT14.tif:7-4_3_56_6-4_1_1_7-3_1:1111	200.667	212.667	11	56
257	Image5D_bf3419_SPOT14.tif:4-6_3_57_3-4_1_1_4-5_1:1131	494	84.667	11	57
258	Image5D_bf3419_SPOT14.tif:5-2_3_57_4-2_1_1_5-1_1:1131	450.667	229.333	11	57
259	Image5D_bf3419_SPOT14.tif:5-4_3_57_4-4_1_1_5-3_1:1131	426.667	80.667	11	57
260	Image5D_bf3419_SPOT14.tif:5-5_3_57_4-5_1_1_5-6_1_0:1131	258	218.667	11	57
261	Image5D_bf3419_SPOT14.tif:6-3_3_57_5-8_1_1_6-4_1:1131	366	175.333	11	57
262	Image5D_bf3419_SPOT14.tif:6-6_3_57_5-3_1_1_6-5_1:1131	472	14	11	57
263	Image5D_bf3419_SPOT14.tif:7-1_3_57_6-2_1_1_7-2_1:1131	306	168	11	57
264	Image5D_bf3419_SPOT14.tif:7-2_3_57_6-2_1_1_7-1_1:1131	362	135.333	11	57
265	Image5D_bf3419_SPOT14.tif:7-3_3_57_6-4_1_1_7-4_1:1131	400	184.667	11	57
266	Image5D_bf3419_SPOT14.tif:7-4_3_57_6-4_1_1_7-3_1:1131	192	213.333	11	57
267	Image5D_bf3419_SPOT14.tif:4-6_3_58_3-4_1_1_4-5_1_0:1152	495.333	82.667	12	58
268	Image5D_bf3419_SPOT14.tif:5-2_3_58_4-2_1_1_5-1_1:1152	462.667	234.667	12	58
269	Image5D_bf3419_SPOT14.tif:5-4_3_58_4-4_1_1_5-3_1:1152	438.667	93.333	12	58
270	Image5D_bf3419_SPOT14.tif:6-3_3_58_5-8_1_1_6-4_1:1152	384.667	176	12	58
271	Image5D_bf3419_SPOT14.tif:6-6_3_58_5-3_1_1_6-5_1:1152	480	28	12	58
272	Image5D_bf3419_SPOT14.tif:7-1_3_58_6-2_1_1_7-2_1:1152	330.667	168	12	58
273	Image5D_bf3419_SPOT14.tif:7-2_3_58_6-2_1_1_7-1_1:1152	388.667	137.333	12	58
274	Image5D_bf3419_SPOT14.tif:7-3_3_58_6-4_1_1_7-4_1_0:1152	420	178	12	58
275	Image5D_bf3419_SPOT14.tif:7-4_3_58_6-4_1_1_7-3_1:1152	224	209.333	12	58
276	Image5D_bf3419_SPOT14.tif:5-2_3_59_4-2_1_1_5-1_1:1172	465.333	244	12	59
277	Image5D_bf3419_SPOT14.tif:5-4_3_59_4-4_1_1_5-3_1_0:1172	423.333	88.667	12	59
278	Image5D_bf3419_SPOT14.tif:6-3_3_59_5-8_1_1_6-4_1:1172	380.667	190.667	12	59
279	Image5D_bf3419_SPOT14.tif:6-6_3_59_5-3_1_1_6-5_1:1172	482	38	12	59
280	Image5D_bf3419_SPOT14.tif:7-1_3_59_6-2_1_1_7-2_1:1172	332	183.333	12	59
281	Image5D_bf3419_SPOT14.tif:7-2_3_59_6-2_1_1_7-1_1:1172	383.333	152	12	59
282	Image5D_bf3419_SPOT14.tif:7-4_3_59_6-4_1_1_7-3_1:1172	218	228.667	12	59
283	Image5D_bf3419_SPOT14.tif:5-2_3_60_4-2_1_1_5-1_1:1192	449.333	236.667	12	60
284	Image5D_bf3419_SPOT14.tif:6-3_3_60_5-8_1_1_6-4_1:1192	369.333	188	12	60
285	Image5D_bf3419_SPOT14.tif:6-6_3_60_5-3_1_1_6-5_1:1192	461.333	32	12	60
286	Image5D_bf3419_SPOT14.tif:7-1_3_60_6-2_1_1_7-2_1:1192	321.333	177.333	12	60
287	Image5D_bf3419_SPOT14.tif:7-2_3_60_6-2_1_1_7-1_1:1192	364.667	146	12	60
288	Image5D_bf3419_SPOT14.tif:7-4_3_60_6-4_1_1_7-3_1:1192	201.333	218	12	60
289	Image5D_bf3419_SPOT14.tif:5-2_3_61_4-2_1_1_5-1_1:1210	452	224.667	10	61
290	Image5D_bf3419_SPOT14.tif:6-3_3_61_5-8_1_1_6-4_1:1210	373.333	172.667	10	61
291	Image5D_bf3419_SPOT14.tif:6-6_3_61_5-3_1_1_6-5_1:1210	465.333	25.333	10	61
292	Image5D_bf3419_SPOT14.tif:7-1_3_61_6-2_1_1_7-2_1:1210	332	162.667	10	61
293	Image5D_bf3419_SPOT14.tif:7-2_3_61_6-2_1_1_7-1_1:1210	367.333	134	10	61
294	Image5D_bf3419_SPOT14.tif:7-4_3_61_6-4_1_1_7-3_1:1210	190.667	216	10	61
295	Image5D_bf3419_SPOT14.tif:5-2_3_62_4-2_1_1_5-1_1:1234	452	232.667	14	62
296	Image5D_bf3419_SPOT14.tif:6-3_3_62_5-8_1_1_6-4_1:1234	372.667	177.333	14	62
297	Image5D_bf3419_SPOT14.tif:6-6_3_62_5-3_1_1_6-5_1:1234	460	31.333	14	62
298	Image5D_bf3419_SPOT14.tif:7-1_3_62_6-2_1_1_7-2_1:1234	331.333	174	14	62
299	Image5D_bf3419_SPOT14.tif:7-2_3_62_6-2_1_1_7-1_1:1234	363.333	140	14	62
300	Image5D_bf3419_SPOT14.tif:7-4_3_62_6-4_1_1_7-3_1:1234	187.333	228	14	62
301	Image5D_bf3419_SPOT14.tif:5-2_3_63_4-2_1_1_5-1_1:1254	436	224.667	14	63
302	Image5D_bf3419_SPOT14.tif:6-3_3_63_5-8_1_1_6-4_1:1254	354.667	168.667	14	63
303	Image5D_bf3419_SPOT14.tif:6-6_3_63_5-3_1_1_6-5_1:1254	446	22.667	14	63
304	Image5D_bf3419_SPOT14.tif:7-1_3_63_6-2_1_1_7-2_1:1254	304.667	167.333	14	63
305	Image5D_bf3419_SPOT14.tif:7-2_3_63_6-2_1_1_7-1_1:1254	357.333	126	14	63
306	Image5D_bf3419_SPOT14.tif:7-4_3_63_6-4_1_1_7-3_1:1254	160	220.667	14	63
307	Image5D_bf3419_SPOT14.tif:5-2_3_64_4-2_1_1_5-1_1:1273	434	221.333	13	64
308	Image5D_bf3419_SPOT14.tif:6-3_3_64_5-8_1_1_6-4_1:1273	353.333	171.333	13	64
309	Image5D_bf3419_SPOT14.tif:6-6_3_64_5-3_1_1_6-5_1:1273	438	22.667	13	64
310	Image5D_bf3419_SPOT14.tif:7-1_3_64_6-2_1_1_7-2_1:1273	311.333	165.333	13	64
311	Image5D_bf3419_SPOT14.tif:7-2_3_64_6-2_1_1_7-1_1:1273	345.333	128.667	13	64
312	Image5D_bf3419_SPOT14.tif:7-4_3_64_6-4_1_1_7-3_1:1273	168	225.333	13	64
313	Image5D_bf3419_SPOT14.tif:5-2_3_65_4-2_1_1_5-1_1:1293	466	214	13	65
314	Image5D_bf3419_SPOT14.tif:6-3_3_65_5-8_1_1_6-4_1:1293	388	159.333	13	65
315	Image5D_bf3419_SPOT14.tif:6-6_3_65_5-3_1_1_6-5_1:1293	469.333	22	13	65
316	Image5D_bf3419_SPOT14.tif:7-1_3_65_6-2_1_1_7-2_1_0:1293	343.333	147.333	13	65
317	Image5D_bf3419_SPOT14.tif:7-2_3_65_6-2_1_1_7-1_1:1293	376	122.667	13	65
318	Image5D_bf3419_SPOT14.tif:7-4_3_65_6-4_1_1_7-3_1:1293	192.667	217.333	13	65
319	Image5D_bf3419_SPOT14.tif:5-2_3_66_4-2_1_1_5-1_1:1312	456	214	12	66
320	Image5D_bf3419_SPOT14.tif:6-3_3_66_5-8_1_1_6-4_1_0:1312	391.333	176	12	66
321	Image5D_bf3419_SPOT14.tif:6-6_3_66_5-3_1_1_6-5_1:1312	458	17.333	12	66
322	Image5D_bf3419_SPOT14.tif:7-2_3_66_6-2_1_1_7-1_1_0:1312	374.667	142.667	12	66
323	Image5D_bf3419_SPOT14.tif:7-4_3_66_6-4_1_1_7-3_1_0:1312	208	202.667	12	66
324	Image5D_bf3419_SPOT14.tif:5-2_3_67_4-2_1_1_5-1_1:1332	443.333	224	12	67
325	Image5D_bf3419_SPOT14.tif:6-6_3_67_5-3_1_1_6-5_1:1332	442.667	32.667	12	67
326	Image5D_bf3419_SPOT14.tif:5-2_3_68_4-2_1_1_5-1_1:1352	450.667	213.333	12	68
327	Image5D_bf3419_SPOT14.tif:6-6_3_68_5-3_1_1_6-5_1:1352	447.333	19.333	12	68
328	Image5D_bf3419_SPOT14.tif:5-2_3_69_4-2_1_1_5-1_1:1372	458	214	12	69
329	Image5D_bf3419_SPOT14.tif:6-6_3_69_5-3_1_1_6-5_1:1372	460	24	12	69
330	Image5D_bf3419_SPOT14.tif:5-2_3_70_4-2_1_1_5-1_1:1392	465.333	208	12	70
331	Image5D_bf3419_SPOT14.tif:6-6_3_70_5-3_1_1_6-5_1:1392	464.667	28	12	70
332	Image5D_bf3419_SPOT14.tif:5-2_3_71_4-2_1_1_5-1_1:1412	468.667	222	12	71
333	Image5D_bf3419_SPOT14.tif:6-6_3_71_5-3_1_1_6-5_1:1412	479.333	34.667	12	71
334	Image5D_bf3419_SPOT14.tif:5-2_3_72_4-2_1_1_5-1_1:1429	481.333	220.667	9	72
335	Image5D_bf3419_SPOT14.tif:6-6_3_72_5-3_1_1_6-5_1:1429	483.333	26	9	72
336	Image5D_bf3419_SPOT14.tif:5-2_3_73_4-2_1_1_5-1_1:1449	489.333	227.333	9	73
337	Image5D_bf3419_SPOT14.tif:6-6_3_73_5-3_1_1_6-5_1:1449	490.667	37.333	9	73
338	Image5D_bf3419_SPOT14.tif:5-2_3_74_4-2_1_1_5-1_1:1469	484.667	226	9	74
339	Image5D_bf3419_SPOT14.tif:6-6_3_74_5-3_1_1_6-5_1:1469	489.333	34	9	74
340	Image5D_bf3419_SPOT14.tif:5-2_3_75_4-2_1_1_5-1_1:1489	486.667	218	9	75
341	Image5D_bf3419_SPOT14.tif:6-6_3_75_5-3_1_1_6-5_1:1489	478.667	30.667	9	75
342	Image5D_bf3419_SPOT14.tif:5-2_3_76_4-2_1_1_5-1_1:1509	472	226.667	9	76
343	Image5D_bf3419_SPOT14.tif:6-6_3_76_5-3_1_1_6-5_1:1509	464	40	9	76
344	Image5D_bf3419_SPOT14.tif:5-2_3_77_4-2_1_1_5-1_1:1529	480	233.333	9	77
345	Image5D_bf3419_SPOT14.tif:6-6_3_77_5-3_1_1_6-5_1:1529	468.667	47.333	9	77
346	Image5D_bf3419_SPOT14.tif:5-2_3_78_4-2_1_1_5-1_1:1549	465.333	238.667	9	78
347	Image5D_bf3419_SPOT14.tif:6-6_3_78_5-3_1_1_6-5_1:1549	464	48	9	78
348	Image5D_bf3419_SPOT14.tif:5-2_3_79_4-2_1_1_5-1_1:1569	476.667	233.333	9	79
349	Image5D_bf3419_SPOT14.tif:6-6_3_79_5-3_1_1_6-5_1:1569	468.667	46.667	9	79
350	Image5D_bf3419_SPOT14.tif:5-2_3_80_4-2_1_1_5-1_1:1589	476.667	238.667	9	80
351	Image5D_bf3419_SPOT14.tif:6-6_3_80_5-3_1_1_6-5_1:1589	467.333	42	9	80
352	Image5D_bf3419_SPOT14.tif:5-2_3_81_4-2_1_1_5-1_1:1609	472	232.667	9	81
353	Image5D_bf3419_SPOT14.tif:6-6_3_81_5-3_1_1_6-5_1:1609	464	44	9	81
354	Image5D_bf3419_SPOT14.tif:5-2_3_82_4-2_1_1_5-1_1:1629	464	279.333	9	82
355	Image5D_bf3419_SPOT14.tif:6-6_3_82_5-3_1_1_6-5_1:1629	468.667	89.333	9	82
356	Image5D_bf3419_SPOT14.tif:5-2_3_83_4-2_1_1_5-1_1:1649	480.667	232	9	83
357	Image5D_bf3419_SPOT14.tif:6-6_3_83_5-3_1_1_6-5_1:1649	478	46	9	83
358	Image5D_bf3419_SPOT14.tif:5-2_3_84_4-2_1_1_5-1_1:1669	480	242	9	84
359	Image5D_bf3419_SPOT14.tif:6-6_3_84_5-3_1_1_6-5_1:1669	474	48.667	9	84
360	Image5D_bf3419_SPOT14.tif:5-2_3_85_4-2_1_1_5-1_1:1689	471.333	241.333	9	85
361	Image5D_bf3419_SPOT14.tif:6-6_3_85_5-3_1_1_6-5_1:1689	468.667	56	9	85
362	Image5D_bf3419_SPOT14.tif:5-2_3_86_4-2_1_1_5-1_1:1709	466	246	9	86
363	Image5D_bf3419_SPOT14.tif:6-6_3_86_5-3_1_1_6-5_1:1709	470.667	53.333	9	86
